# Configuracion:
# Concentracion g/m^3_=_19900.0
# C_Vs_to_Am_M_A/Vsm_=_116720831517.84952
# pendiente_HvsI_1/m_=_3716.3
# ordenada_HvsI_A/m_=_1297.0
# frecuencia_ref_Hz_=_238341.6388545346
# 
Resultados:
# tau_s_=_(6.30+/-1.00)e+01
# dphi_rad_=_6.38+/-0.01
# SAR_W/g_=_338.50+/-69.21
# Hc_kA/m_=_7.30+/-1.02
# Mr_A/m_=_372.42+/-81.29
# Suceptibilidad_a_M=0_=_0.0570+/-0.0075
# t_hasta_1er_file_=_172.46
# Duracion_T_Fase_=_43.34
# 1er_file_T_Fase_=_235kHz_150dA_100Mss_bobN1NE5X0058.txt
# last_file_T_Fase_=_235kHz_150dA_100Mss_bobN1NE5X0137.txt

Nombre_archivo	Time_m_(s)	Temperatura_(ºC)	Mr_(A/m)	Hc_(kA/m)	Campo_max_(A/m)	Mag_max_(A/m)	f0	mag0	dphi0	SAR_(W/g)	Tau_(ns)	N	xi_M_0
235kHz_150dA_100Mss_bobN1NE5X0010.txt	172.46	-27.27	230.79	5.99	57041.50	1072.20	2.383222e+05	3.278669e+01	6.360112e+00	252.47	51.471472	4196	4.147e-02
235kHz_150dA_100Mss_bobN1NE5X0011.txt	172.98	-25.66	229.63	5.99	57041.50	1070.24	2.383222e+05	3.268687e+01	6.360209e+00	252.02	51.536166	4196	4.126e-02
235kHz_150dA_100Mss_bobN1NE5X0012.txt	173.48	-24.30	225.53	5.90	57041.50	1060.40	2.383222e+05	3.240922e+01	6.357821e+00	242.14	49.932536	4196	4.122e-02
235kHz_150dA_100Mss_bobN1NE5X0013.txt	173.98	-22.95	227.73	5.95	57041.50	1053.17	2.383222e+05	3.224855e+01	6.361056e+00	251.37	52.105497	4196	4.116e-02
235kHz_150dA_100Mss_bobN1NE5X0014.txt	174.49	-21.77	221.80	5.80	57041.50	1048.79	2.383222e+05	3.210895e+01	6.356302e+00	235.03	48.912547	4196	4.118e-02
235kHz_150dA_100Mss_bobN1NE5X0015.txt	175.03	-20.54	222.38	5.83	57041.50	1033.67	2.383222e+05	3.171760e+01	6.358349e+00	238.65	50.287085	4196	4.103e-02
235kHz_150dA_100Mss_bobN1NE5X0016.txt	175.62	-19.36	220.95	5.79	57041.50	1032.32	2.383222e+05	3.168251e+01	6.357411e+00	235.42	49.656988	4196	4.110e-02
235kHz_150dA_100Mss_bobN1NE5X0017.txt	176.14	-18.38	218.92	5.74	57041.50	1026.96	2.383222e+05	3.151038e+01	6.356445e+00	231.10	49.008899	4196	4.086e-02
235kHz_150dA_100Mss_bobN1NE5X0018.txt	176.66	-17.54	216.41	5.66	57041.50	1028.74	2.383222e+05	3.156643e+01	6.354104e+00	224.12	47.437543	4196	4.106e-02
235kHz_150dA_100Mss_bobN1NE5X0019.txt	177.68	-15.78	215.71	5.66	57041.50	1020.13	2.383222e+05	3.134346e+01	6.355271e+00	226.19	48.220514	4196	4.103e-02
235kHz_150dA_100Mss_bobN1NE5X0020.txt	178.23	-14.81	213.72	5.64	57041.50	1012.71	2.383222e+05	3.113666e+01	6.354471e+00	222.21	47.683625	4196	4.060e-02
235kHz_150dA_100Mss_bobN1NE5X0021.txt	178.75	-13.92	213.59	5.62	57041.50	1010.28	2.383222e+05	3.106901e+01	6.355102e+00	223.69	48.106912	4196	4.082e-02
235kHz_150dA_100Mss_bobN1NE5X0022.txt	179.26	-13.29	212.60	5.58	57041.50	1006.55	2.383222e+05	3.097923e+01	6.353713e+00	218.74	47.174826	4196	4.096e-02
235kHz_150dA_100Mss_bobN1NE5X0023.txt	179.77	-12.88	211.40	5.54	57041.50	1006.89	2.383222e+05	3.099978e+01	6.353139e+00	217.11	46.789544	4196	4.060e-02
235kHz_150dA_100Mss_bobN1NE5X0024.txt	180.31	-12.23	207.96	5.46	57041.50	1002.96	2.383222e+05	3.084859e+01	6.350322e+00	207.36	44.899701	4196	4.048e-02
235kHz_150dA_100Mss_bobN1NE5X0025.txt	180.84	-11.44	208.62	5.48	57041.50	1004.07	2.383222e+05	3.089662e+01	6.351414e+00	211.06	45.631864	4196	4.075e-02
235kHz_150dA_100Mss_bobN1NE5X0026.txt	181.35	-10.64	207.44	5.45	57041.50	999.28	2.383222e+05	3.076981e+01	6.350929e+00	208.70	45.306853	4196	4.054e-02
235kHz_150dA_100Mss_bobN1NE5X0027.txt	181.87	-9.81	206.95	5.43	57041.50	1003.45	2.383222e+05	3.087712e+01	6.350361e+00	207.67	44.925793	4196	4.059e-02
235kHz_150dA_100Mss_bobN1NE5X0028.txt	182.38	-9.11	206.28	5.46	57041.50	993.71	2.383222e+05	3.060002e+01	6.351442e+00	209.12	45.650819	4196	4.037e-02
235kHz_150dA_100Mss_bobN1NE5X0029.txt	182.89	-8.44	203.47	5.37	57041.50	993.75	2.383222e+05	3.058627e+01	6.348498e+00	200.02	43.676303	4196	4.036e-02
235kHz_150dA_100Mss_bobN1NE5X0030.txt	183.41	-7.77	202.69	5.32	57041.50	997.08	2.383222e+05	3.070165e+01	6.347379e+00	197.34	42.925975	4196	4.051e-02
235kHz_150dA_100Mss_bobN1NE5X0031.txt	183.93	-7.09	205.95	5.39	57041.50	994.26	2.383222e+05	3.066376e+01	6.351124e+00	208.58	45.437597	4196	4.055e-02
235kHz_150dA_100Mss_bobN1NE5X0032.txt	184.43	-6.53	202.71	5.32	57041.50	1001.40	2.383222e+05	3.080063e+01	6.348406e+00	201.14	43.614404	4196	4.036e-02
235kHz_150dA_100Mss_bobN1NE5X0033.txt	184.94	-5.97	204.36	5.36	57041.50	998.76	2.383222e+05	3.076622e+01	6.350109e+00	206.15	44.755943	4196	4.044e-02
235kHz_150dA_100Mss_bobN1NE5X0034.txt	185.46	-5.49	203.59	5.36	57041.50	994.53	2.383222e+05	3.063533e+01	6.350529e+00	206.56	45.038215	4196	4.025e-02
235kHz_150dA_100Mss_bobN1NE5X0035.txt	185.98	-5.02	204.00	5.37	57041.50	996.65	2.383222e+05	3.070120e+01	6.351044e+00	208.59	45.383281	4196	4.024e-02
235kHz_150dA_100Mss_bobN1NE5X0036.txt	186.51	-4.59	202.47	5.34	57041.50	991.60	2.383222e+05	3.053597e+01	6.349499e+00	202.75	44.347261	4196	4.023e-02
235kHz_150dA_100Mss_bobN1NE5X0037.txt	187.02	-4.18	202.83	5.31	57041.50	994.27	2.383222e+05	3.068601e+01	6.349850e+00	204.82	44.582994	4196	4.063e-02
235kHz_150dA_100Mss_bobN1NE5X0038.txt	188.02	-3.09	205.66	5.37	57041.50	999.30	2.383222e+05	3.081945e+01	6.351202e+00	209.88	45.489586	4196	4.073e-02
235kHz_150dA_100Mss_bobN1NE5X0039.txt	188.54	-2.83	205.20	5.34	57041.50	1003.18	2.383222e+05	3.090954e+01	6.349749e+00	206.00	44.514649	4196	4.076e-02
235kHz_150dA_100Mss_bobN1NE5X0040.txt	189.05	-2.58	206.80	5.36	57041.50	1001.07	2.383222e+05	3.086947e+01	6.350100e+00	206.82	44.750298	4196	4.100e-02
235kHz_150dA_100Mss_bobN1NE5X0041.txt	189.55	-2.38	205.97	5.24	57041.50	1009.79	2.383222e+05	3.113763e+01	6.346955e+00	198.82	42.641713	4196	4.175e-02
235kHz_150dA_100Mss_bobN1NE5X0042.txt	190.06	-2.18	210.11	5.30	57041.50	1014.80	2.383222e+05	3.131379e+01	6.348763e+00	205.61	43.853664	4196	4.212e-02
235kHz_150dA_100Mss_bobN1NE5X0043.txt	190.84	-1.95	214.99	5.38	57041.50	1013.87	2.383222e+05	3.134900e+01	6.349994e+00	209.70	44.679322	4196	4.258e-02
235kHz_150dA_100Mss_bobN1NE5X0044.txt	191.37	-1.83	224.42	5.44	57041.50	1021.37	2.383222e+05	3.168540e+01	6.352207e+00	218.96	46.164196	4196	4.409e-02
235kHz_150dA_100Mss_bobN1NE5X0045.txt	191.88	-1.72	230.51	5.49	57041.50	1025.03	2.383222e+05	3.182924e+01	6.351836e+00	218.77	45.915225	4196	4.498e-02
235kHz_150dA_100Mss_bobN1NE5X0046.txt	192.38	-1.66	240.52	5.61	57041.50	1039.65	2.383222e+05	3.230025e+01	6.353447e+00	227.21	46.996135	4196	4.616e-02
235kHz_150dA_100Mss_bobN1NE5X0047.txt	192.88	-1.61	251.51	5.73	57041.50	1046.51	2.383222e+05	3.259920e+01	6.355641e+00	236.46	48.468609	4196	4.801e-02
235kHz_150dA_100Mss_bobN1NE5X0048.txt	193.4	-1.52	262.57	5.80	57041.50	1050.11	2.383222e+05	3.277722e+01	6.354463e+00	233.89	47.677716	4196	4.976e-02
235kHz_150dA_100Mss_bobN1NE5X0049.txt	193.92	-1.42	279.55	6.05	57041.50	1058.58	2.383222e+05	3.313893e+01	6.359297e+00	252.48	50.923586	4196	5.097e-02
235kHz_150dA_100Mss_bobN1NE5X0050.txt	194.45	-1.31	293.59	6.23	57041.50	1066.49	2.383222e+05	3.339932e+01	6.360117e+00	257.20	51.473926	4196	5.230e-02
235kHz_150dA_100Mss_bobN1NE5X0051.txt	194.96	-1.21	309.89	6.42	57041.50	1072.22	2.383222e+05	3.371407e+01	6.363083e+00	269.61	53.467248	4196	5.426e-02
235kHz_150dA_100Mss_bobN1NE5X0052.txt	195.55	-1.14	329.42	6.66	57041.50	1091.02	2.383222e+05	3.433086e+01	6.366905e+00	287.65	56.036559	4196	5.616e-02
235kHz_150dA_100Mss_bobN1NE5X0053.txt	196.06	-1.10	344.14	6.83	57041.50	1098.53	2.383222e+05	3.463666e+01	6.368936e+00	297.24	57.402422	4196	5.764e-02
235kHz_150dA_100Mss_bobN1NE5X0054.txt	196.57	-1.10	359.67	7.06	57041.50	1102.37	2.383222e+05	3.481128e+01	6.373059e+00	313.06	60.176864	4196	5.837e-02
235kHz_150dA_100Mss_bobN1NE5X0055.txt	197.09	-1.09	368.77	7.17	57041.50	1118.83	2.383222e+05	3.525840e+01	6.371524e+00	311.68	59.143934	4196	5.923e-02
235kHz_150dA_100Mss_bobN1NE5X0056.txt	197.6	-1.04	380.24	7.35	57041.50	1110.10	2.383222e+05	3.510924e+01	6.375586e+00	324.59	61.879239	4196	5.991e-02
235kHz_150dA_100Mss_bobN1NE5X0057.txt	198.63	-1.00	398.00	7.61	57041.50	1111.59	2.383222e+05	3.524851e+01	6.379580e+00	339.92	64.569884	4196	6.180e-02
235kHz_150dA_100Mss_bobN1NE5X0058.txt	199.14	-0.99	401.47	7.69	57041.50	1120.25	2.383222e+05	3.548506e+01	6.379223e+00	340.94	64.328934	4196	6.195e-02
235kHz_150dA_100Mss_bobN1NE5X0059.txt	199.67	-0.93	406.22	7.79	57041.50	1109.40	2.383222e+05	3.521982e+01	6.380988e+00	344.59	65.518635	4196	6.167e-02
235kHz_150dA_100Mss_bobN1NE5X0060.txt	200.19	-0.88	413.50	7.85	57041.50	1122.42	2.383222e+05	3.562658e+01	6.382975e+00	355.63	66.858606	4196	6.231e-02
235kHz_150dA_100Mss_bobN1NE5X0061.txt	200.7	-0.83	417.16	7.98	57041.50	1118.11	2.383222e+05	3.551866e+01	6.385245e+00	362.59	68.390004	4196	6.193e-02
235kHz_150dA_100Mss_bobN1NE5X0062.txt	201.22	-0.82	420.32	7.97	57041.50	1124.56	2.383222e+05	3.573338e+01	6.384807e+00	363.22	68.094645	4196	6.266e-02
235kHz_150dA_100Mss_bobN1NE5X0063.txt	201.73	-0.87	420.52	7.97	57041.50	1132.86	2.383222e+05	3.594640e+01	6.383566e+00	360.94	67.257772	4196	6.261e-02
235kHz_150dA_100Mss_bobN1NE5X0064.txt	202.25	-0.88	424.98	8.13	57041.50	1125.09	2.383222e+05	3.575971e+01	6.387688e+00	373.76	70.038854	4196	6.276e-02
235kHz_150dA_100Mss_bobN1NE5X0065.txt	202.75	-0.82	426.85	8.17	57041.50	1131.65	2.383222e+05	3.593766e+01	6.388710e+00	379.28	70.728841	4196	6.279e-02
235kHz_150dA_100Mss_bobN1NE5X0066.txt	203.27	-0.77	426.37	8.16	57041.50	1129.97	2.383222e+05	3.591186e+01	6.387740e+00	375.54	70.074307	4196	6.277e-02
235kHz_150dA_100Mss_bobN1NE5X0067.txt	203.8	-0.72	428.39	8.19	57041.50	1125.95	2.383222e+05	3.582351e+01	6.389119e+00	379.53	71.004998	4196	6.266e-02
235kHz_150dA_100Mss_bobN1NE5X0068.txt	204.3	-0.67	429.08	8.16	57041.50	1136.29	2.383222e+05	3.611185e+01	6.388197e+00	379.27	70.382456	4196	6.299e-02
235kHz_150dA_100Mss_bobN1NE5X0069.txt	204.8	-0.62	429.49	8.21	57041.50	1146.04	2.383222e+05	3.634336e+01	6.388325e+00	382.17	70.469174	4196	6.256e-02
235kHz_150dA_100Mss_bobN1NE5X0070.txt	205.31	-0.60	428.90	8.23	57041.50	1136.64	2.383222e+05	3.609456e+01	6.388731e+00	381.01	70.742917	4196	6.237e-02
235kHz_150dA_100Mss_bobN1NE5X0071.txt	205.82	-0.60	429.46	8.22	57041.50	1139.95	2.383222e+05	3.619086e+01	6.388909e+00	382.67	70.862587	4196	6.211e-02
235kHz_150dA_100Mss_bobN1NE5X0072.txt	206.34	-0.60	427.87	8.19	57041.50	1141.46	2.383222e+05	3.621211e+01	6.387205e+00	376.74	69.712553	4196	6.184e-02
235kHz_150dA_100Mss_bobN1NE5X0073.txt	206.86	-0.60	430.55	8.30	57041.50	1136.82	2.383222e+05	3.611664e+01	6.390619e+00	388.04	72.017628	4196	6.181e-02
235kHz_150dA_100Mss_bobN1NE5X0074.txt	207.39	-0.60	429.83	8.23	57041.50	1139.81	2.383222e+05	3.621846e+01	6.388826e+00	382.66	70.807329	4196	6.179e-02
235kHz_150dA_100Mss_bobN1NE5X0075.txt	207.9	-0.60	428.76	8.25	57041.50	1139.76	2.383222e+05	3.617459e+01	6.388787e+00	382.06	70.780854	4196	6.193e-02
235kHz_150dA_100Mss_bobN1NE5X0076.txt	208.96	-0.60	428.89	8.28	57041.50	1133.93	2.383222e+05	3.605523e+01	6.389996e+00	385.14	71.597501	4196	6.125e-02
235kHz_150dA_100Mss_bobN1NE5X0077.txt	209.49	-0.60	432.12	8.32	57041.50	1144.46	2.383222e+05	3.637245e+01	6.391919e+00	395.50	72.896375	4196	6.168e-02
235kHz_150dA_100Mss_bobN1NE5X0078.txt	210.0	-0.60	428.74	8.29	57041.50	1142.87	2.383222e+05	3.627022e+01	6.390555e+00	389.45	71.974323	4196	6.113e-02
235kHz_150dA_100Mss_bobN1NE5X0079.txt	210.51	-0.55	427.77	8.26	57041.50	1140.22	2.383222e+05	3.618454e+01	6.389852e+00	386.00	71.499531	4196	6.113e-02
235kHz_150dA_100Mss_bobN1NE5X0080.txt	211.03	-0.50	429.84	8.31	57041.50	1139.26	2.383222e+05	3.620368e+01	6.391820e+00	393.30	72.829260	4196	6.094e-02
235kHz_150dA_100Mss_bobN1NE5X0081.txt	211.54	-0.50	428.52	8.26	57041.50	1143.47	2.383222e+05	3.631721e+01	6.390045e+00	388.11	71.630484	4196	6.102e-02
235kHz_150dA_100Mss_bobN1NE5X0082.txt	212.04	-0.50	430.85	8.34	57041.50	1155.69	2.383222e+05	3.663917e+01	6.392534e+00	400.64	73.311682	4196	6.066e-02
235kHz_150dA_100Mss_bobN1NE5X0083.txt	212.56	-0.50	426.96	8.28	57041.50	1147.95	2.383222e+05	3.639291e+01	6.389562e+00	387.17	71.303908	4196	6.052e-02
235kHz_150dA_100Mss_bobN1NE5X0084.txt	213.08	-0.50	429.84	8.25	57041.50	1155.20	2.383222e+05	3.663213e+01	6.389722e+00	390.30	71.412420	4196	6.107e-02
235kHz_150dA_100Mss_bobN1NE5X0085.txt	213.6	-0.50	430.09	8.26	57041.50	1152.92	2.383222e+05	3.657091e+01	6.389551e+00	389.03	71.296694	4196	6.106e-02
235kHz_150dA_100Mss_bobN1NE5X0086.txt	214.11	-0.50	430.78	8.30	57041.50	1151.37	2.383222e+05	3.654323e+01	6.390623e+00	392.63	72.020622	4196	6.100e-02
235kHz_150dA_100Mss_bobN1NE5X0087.txt	214.64	-0.50	433.40	8.32	57041.50	1146.78	2.383222e+05	3.645965e+01	6.392078e+00	397.02	73.003953	4196	6.122e-02
235kHz_150dA_100Mss_bobN1NE5X0088.txt	215.13	-0.50	431.54	8.29	57041.50	1151.02	2.383222e+05	3.654355e+01	6.390971e+00	393.91	72.255701	4196	6.065e-02
235kHz_150dA_100Mss_bobN1NE5X0089.txt	215.65	-0.50	432.13	8.30	57041.50	1157.84	2.383222e+05	3.673168e+01	6.391605e+00	398.25	72.684891	4196	6.092e-02
235kHz_150dA_100Mss_bobN1NE5X0090.txt	216.15	-0.48	432.54	8.32	57041.50	1150.88	2.383222e+05	3.655527e+01	6.392019e+00	397.85	72.964323	4196	6.071e-02
235kHz_150dA_100Mss_bobN1NE5X0091.txt	216.67	-0.43	433.98	8.34	57041.50	1158.22	2.383222e+05	3.677444e+01	6.392973e+00	403.73	73.608733	4196	6.062e-02
235kHz_150dA_100Mss_bobN1NE5X0092.txt	217.27	-0.40	432.91	8.30	57041.50	1162.09	2.383222e+05	3.685876e+01	6.391651e+00	399.80	72.715892	4196	6.090e-02
235kHz_150dA_100Mss_bobN1NE5X0093.txt	217.79	-0.40	434.35	8.31	57041.50	1158.64	2.383222e+05	3.679728e+01	6.392740e+00	403.12	73.451856	4196	6.075e-02
235kHz_150dA_100Mss_bobN1NE5X0094.txt	218.31	-0.40	433.43	8.25	57041.50	1161.39	2.383222e+05	3.687313e+01	6.391006e+00	397.59	72.280181	4196	6.139e-02
235kHz_150dA_100Mss_bobN1NE5X0095.txt	219.37	-0.40	435.31	8.33	57041.50	1162.55	2.383222e+05	3.690989e+01	6.393505e+00	407.17	73.968676	4196	6.096e-02
235kHz_150dA_100Mss_bobN1NE5X0096.txt	219.88	-0.40	435.30	8.33	57041.50	1158.06	2.383222e+05	3.679115e+01	6.393451e+00	405.66	73.932210	4196	6.100e-02
235kHz_150dA_100Mss_bobN1NE5X0097.txt	220.39	-0.40	433.94	8.31	57041.50	1158.71	2.383222e+05	3.677246e+01	6.392045e+00	400.31	72.982069	4196	6.068e-02
235kHz_150dA_100Mss_bobN1NE5X0098.txt	220.91	-0.40	433.18	8.29	57041.50	1159.92	2.383222e+05	3.680866e+01	6.392381e+00	401.93	73.208394	4196	6.072e-02
235kHz_150dA_100Mss_bobN1NE5X0099.txt	221.42	-0.40	432.44	8.32	57041.50	1157.54	2.383222e+05	3.672124e+01	6.392402e+00	401.05	73.222916	4196	6.035e-02
235kHz_150dA_100Mss_bobN1NE5X0100.txt	221.93	-0.40	432.86	8.28	57041.50	1158.32	2.383222e+05	3.675983e+01	6.391825e+00	399.36	72.833327	4196	6.071e-02
235kHz_150dA_100Mss_bobN1NE5X0101.txt	222.44	-0.40	433.43	8.35	57041.50	1153.05	2.383222e+05	3.661431e+01	6.393835e+00	405.11	74.192234	4196	5.990e-02
235kHz_150dA_100Mss_bobN1NE5X0102.txt	222.95	-0.40	434.51	8.32	57041.50	1158.66	2.383222e+05	3.680073e+01	6.393253e+00	405.04	73.798993	4196	6.059e-02
235kHz_150dA_100Mss_bobN1NE5X0103.txt	223.45	-0.40	436.43	8.37	57041.50	1156.40	2.383222e+05	3.675148e+01	6.394382e+00	408.63	74.562170	4196	6.049e-02
235kHz_150dA_100Mss_bobN1NE5X0104.txt	223.99	-0.40	435.46	8.28	57041.50	1166.61	2.383222e+05	3.703933e+01	6.392144e+00	403.58	73.049410	4196	6.109e-02
235kHz_150dA_100Mss_bobN1NE5X0105.txt	224.51	-0.40	435.08	8.33	57041.50	1159.48	2.383222e+05	3.679617e+01	6.392730e+00	403.08	73.445431	4196	6.042e-02
235kHz_150dA_100Mss_bobN1NE5X0106.txt	225.11	-0.40	434.67	8.31	57041.50	1164.67	2.383222e+05	3.694779e+01	6.391668e+00	400.83	72.727664	4196	6.049e-02
235kHz_150dA_100Mss_bobN1NE5X0107.txt	225.61	-0.40	437.72	8.32	57041.50	1172.95	2.383222e+05	3.721034e+01	6.393077e+00	408.90	73.679365	4196	6.069e-02
235kHz_150dA_100Mss_bobN1NE5X0108.txt	226.13	-0.40	439.86	8.31	57041.50	1171.72	2.383222e+05	3.721838e+01	6.393565e+00	410.79	74.008723	4196	6.116e-02
235kHz_150dA_100Mss_bobN1NE5X0109.txt	226.66	-0.40	437.27	8.29	57041.50	1174.16	2.383222e+05	3.723229e+01	6.391453e+00	403.12	72.581869	4196	6.085e-02
235kHz_150dA_100Mss_bobN1NE5X0110.txt	227.18	-0.38	440.46	8.29	57041.50	1178.25	2.383222e+05	3.740873e+01	6.392919e+00	410.49	73.572428	4196	6.138e-02
235kHz_150dA_100Mss_bobN1NE5X0111.txt	227.68	-0.33	441.72	8.28	57041.50	1184.46	2.383222e+05	3.760125e+01	6.392837e+00	412.30	73.517175	4196	6.154e-02
235kHz_150dA_100Mss_bobN1NE5X0112.txt	228.21	-0.30	439.10	8.30	57041.50	1180.96	2.383222e+05	3.743364e+01	6.392214e+00	408.13	73.095525	4196	6.107e-02
235kHz_150dA_100Mss_bobN1NE5X0113.txt	228.72	-0.30	438.19	8.26	57041.50	1175.36	2.383222e+05	3.730119e+01	6.391540e+00	404.19	72.640046	4196	6.120e-02
235kHz_150dA_100Mss_bobN1NE5X0114.txt	229.76	-0.38	438.68	8.29	57041.50	1183.42	2.383222e+05	3.750458e+01	6.391572e+00	406.51	72.661076	4196	6.096e-02
235kHz_150dA_100Mss_bobN1NE5X0115.txt	230.26	-0.37	440.43	8.29	57041.50	1182.86	2.383222e+05	3.750840e+01	6.392122e+00	408.61	73.032840	4196	6.127e-02
235kHz_150dA_100Mss_bobN1NE5X0116.txt	230.79	-0.32	441.92	8.24	57041.50	1191.57	2.383222e+05	3.778416e+01	6.391084e+00	407.70	72.331653	4196	6.193e-02
235kHz_150dA_100Mss_bobN1NE5X0117.txt	231.3	-0.30	443.20	8.26	57041.50	1191.44	2.383222e+05	3.779440e+01	6.392363e+00	412.63	73.195748	4196	6.190e-02
235kHz_150dA_100Mss_bobN1NE5X0118.txt	231.8	-0.30	439.20	8.23	57041.50	1186.77	2.383222e+05	3.761826e+01	6.390225e+00	402.69	71.751145	4196	6.148e-02
235kHz_150dA_100Mss_bobN1NE5X0119.txt	232.33	-0.30	445.61	8.27	57041.50	1201.03	2.383222e+05	3.806359e+01	6.392046e+00	414.36	72.981392	4196	6.213e-02
235kHz_150dA_100Mss_bobN1NE5X0120.txt	232.84	-0.30	444.80	8.27	57041.50	1196.47	2.383222e+05	3.793008e+01	6.391597e+00	411.21	72.677994	4196	6.195e-02
235kHz_150dA_100Mss_bobN1NE5X0121.txt	233.36	-0.30	445.51	8.28	57041.50	1200.66	2.383222e+05	3.805656e+01	6.392258e+00	415.09	73.124997	4196	6.178e-02
235kHz_150dA_100Mss_bobN1NE5X0122.txt	233.86	-0.30	448.54	8.29	57041.50	1200.02	2.383222e+05	3.809684e+01	6.393925e+00	421.86	74.252198	4196	6.234e-02
235kHz_150dA_100Mss_bobN1NE5X0123.txt	234.39	-0.30	446.34	8.28	57041.50	1198.28	2.383222e+05	3.800868e+01	6.392687e+00	416.19	73.414123	4196	6.198e-02
235kHz_150dA_100Mss_bobN1NE5X0124.txt	234.89	-0.30	447.13	8.30	57041.50	1197.49	2.383222e+05	3.800384e+01	6.393726e+00	420.07	74.116996	4196	6.192e-02
235kHz_150dA_100Mss_bobN1NE5X0125.txt	235.41	-0.30	445.22	8.22	57041.50	1190.52	2.383222e+05	3.781256e+01	6.391213e+00	408.49	72.418773	4196	6.234e-02
235kHz_150dA_100Mss_bobN1NE5X0126.txt	235.91	-0.30	444.27	8.25	57041.50	1199.59	2.383222e+05	3.800411e+01	6.390830e+00	409.11	72.159274	4196	6.199e-02
235kHz_150dA_100Mss_bobN1NE5X0127.txt	236.42	-0.30	446.04	8.28	57041.50	1195.96	2.383222e+05	3.793339e+01	6.392986e+00	416.50	73.616811	4196	6.190e-02
235kHz_150dA_100Mss_bobN1NE5X0128.txt	236.92	-0.30	447.03	8.30	57041.50	1193.73	2.383222e+05	3.791339e+01	6.394785e+00	423.07	74.832928	4196	6.162e-02
235kHz_150dA_100Mss_bobN1NE5X0129.txt	237.42	-0.26	443.24	8.22	57041.50	1190.11	2.383222e+05	3.776843e+01	6.392081e+00	411.28	73.004941	4196	6.190e-02
235kHz_150dA_100Mss_bobN1NE5X0130.txt	237.93	-0.21	442.62	8.23	57041.50	1183.61	2.383222e+05	3.760088e+01	6.392907e+00	412.55	73.563382	4196	6.177e-02
235kHz_150dA_100Mss_bobN1NE5X0131.txt	238.43	-0.20	439.70	8.22	57041.50	1188.43	2.383222e+05	3.767100e+01	6.391201e+00	406.92	72.410353	4196	6.142e-02
235kHz_150dA_100Mss_bobN1NE5X0132.txt	239.02	-0.20	440.90	8.25	57041.50	1188.27	2.383222e+05	3.767922e+01	6.392285e+00	411.08	73.143388	4196	6.127e-02
235kHz_150dA_100Mss_bobN1NE5X0133.txt	240.06	-0.20	437.36	8.22	57041.50	1178.49	2.383222e+05	3.738590e+01	6.391645e+00	405.49	72.710485	4196	6.096e-02
235kHz_150dA_100Mss_bobN1NE5X0134.txt	240.55	-0.20	437.36	8.21	57041.50	1179.49	2.383222e+05	3.740370e+01	6.391544e+00	405.31	72.642656	4196	6.107e-02
235kHz_150dA_100Mss_bobN1NE5X0135.txt	241.07	-0.19	436.61	8.18	57041.50	1179.10	2.383222e+05	3.740368e+01	6.391260e+00	404.25	72.450795	4196	6.092e-02
235kHz_150dA_100Mss_bobN1NE5X0136.txt	241.77	-0.12	437.40	8.24	57041.50	1165.55	2.383222e+05	3.704893e+01	6.393907e+00	410.19	74.239622	4196	6.081e-02
235kHz_150dA_100Mss_bobN1NE5X0137.txt	242.48	-0.10	433.80	8.14	57041.50	1177.36	2.383222e+05	3.732958e+01	6.390336e+00	400.02	71.826459	4196	6.097e-02
235kHz_150dA_100Mss_bobN1NE5X0138.txt	242.99	-0.10	434.27	8.28	57041.50	1159.66	2.383222e+05	3.683636e+01	6.394510e+00	410.04	74.646562	4196	5.985e-02
235kHz_150dA_100Mss_bobN1NE5X0139.txt	243.49	0.05	434.09	8.18	57041.50	1167.05	2.383222e+05	3.706406e+01	6.392276e+00	404.33	73.136987	4196	6.075e-02
235kHz_150dA_100Mss_bobN1NE5X0140.txt	244.02	0.21	430.23	8.13	57041.50	1162.29	2.383222e+05	3.688503e+01	6.390005e+00	394.04	71.602422	4196	6.061e-02
235kHz_150dA_100Mss_bobN1NE5X0141.txt	244.54	0.42	432.89	8.14	57041.50	1160.52	2.383222e+05	3.689128e+01	6.392076e+00	401.72	73.002365	4196	6.055e-02
235kHz_150dA_100Mss_bobN1NE5X0142.txt	245.06	0.65	434.15	8.18	57041.50	1165.27	2.383222e+05	3.702952e+01	6.393448e+00	408.28	73.929120	4196	6.072e-02
235kHz_150dA_100Mss_bobN1NE5X0143.txt	245.57	1.06	431.89	8.13	57041.50	1169.18	2.383222e+05	3.709876e+01	6.391154e+00	400.56	72.379118	4196	6.073e-02
235kHz_150dA_100Mss_bobN1NE5X0144.txt	246.09	1.50	431.60	8.13	57041.50	1163.23	2.383222e+05	3.695461e+01	6.391538e+00	400.42	72.638614	4196	6.067e-02
235kHz_150dA_100Mss_bobN1NE5X0145.txt	246.61	2.07	431.41	8.04	57041.50	1170.12	2.383222e+05	3.717245e+01	6.389730e+00	396.09	71.417361	4196	6.064e-02
235kHz_150dA_100Mss_bobN1NE5X0146.txt	247.13	2.73	435.86	8.05	57041.50	1181.04	2.383222e+05	3.753521e+01	6.391018e+00	404.77	72.287342	4196	6.155e-02
235kHz_150dA_100Mss_bobN1NE5X0147.txt	247.66	3.69	437.87	8.03	57041.50	1188.72	2.383222e+05	3.779078e+01	6.390550e+00	405.76	71.970942	4196	6.200e-02
235kHz_150dA_100Mss_bobN1NE5X0148.txt	248.19	4.58	435.71	7.97	57041.50	1194.96	2.383222e+05	3.792676e+01	6.388442e+00	399.26	70.547317	4196	6.191e-02
235kHz_150dA_100Mss_bobN1NE5X0149.txt	248.7	5.35	433.20	7.95	57041.50	1187.26	2.383222e+05	3.768108e+01	6.387257e+00	392.22	69.747128	4196	6.179e-02
235kHz_150dA_100Mss_bobN1NE5X0150.txt	249.2	5.80	432.70	7.91	57041.50	1189.30	2.383222e+05	3.774395e+01	6.386834e+00	391.28	69.462064	4196	6.173e-02
235kHz_150dA_100Mss_bobN1NE5X0151.txt	249.7	5.80	434.52	7.93	57041.50	1191.55	2.383222e+05	3.784315e+01	6.388772e+00	399.62	70.770747	4196	6.203e-02
235kHz_150dA_100Mss_bobN1NE5X0152.txt	250.73	7.55	431.27	7.90	57041.50	1184.19	2.383222e+05	3.762205e+01	6.388241e+00	395.30	70.411872	4196	6.164e-02
235kHz_150dA_100Mss_bobN1NE5X0153.txt	251.25	8.35	428.71	7.87	57041.50	1182.51	2.383222e+05	3.755995e+01	6.387348e+00	391.30	69.809054	4196	6.143e-02
235kHz_150dA_100Mss_bobN1NE5X0154.txt	251.78	8.67	429.08	7.89	57041.50	1181.08	2.383222e+05	3.753328e+01	6.388660e+00	395.93	70.694343	4196	6.134e-02
235kHz_150dA_100Mss_bobN1NE5X0155.txt	252.27	9.10	425.20	7.82	57041.50	1181.12	2.383222e+05	3.749324e+01	6.386257e+00	386.53	69.072795	4196	6.133e-02
235kHz_150dA_100Mss_bobN1NE5X0156.txt	252.78	9.66	423.45	7.74	57041.50	1180.96	2.383222e+05	3.749377e+01	6.384570e+00	380.23	67.934250	4196	6.169e-02
235kHz_150dA_100Mss_bobN1NE5X0157.txt	253.28	10.18	420.23	7.72	57041.50	1180.56	2.383222e+05	3.742264e+01	6.383013e+00	373.70	66.884122	4196	6.130e-02
235kHz_150dA_100Mss_bobN1NE5X0158.txt	253.79	10.69	419.04	7.66	57041.50	1181.32	2.383222e+05	3.746315e+01	6.382287e+00	371.40	66.394712	4196	6.173e-02
235kHz_150dA_100Mss_bobN1NE5X0159.txt	254.31	11.21	418.20	7.68	57041.50	1179.85	2.383222e+05	3.742452e+01	6.383319e+00	374.86	67.090721	4196	6.138e-02
235kHz_150dA_100Mss_bobN1NE5X0160.txt	254.79	11.69	420.39	7.70	57041.50	1174.99	2.383222e+05	3.734458e+01	6.385605e+00	382.57	68.632855	4196	6.152e-02
235kHz_150dA_100Mss_bobN1NE5X0161.txt	255.29	12.19	416.68	7.63	57041.50	1180.05	2.383222e+05	3.742397e+01	6.383084e+00	373.98	66.931331	4196	6.167e-02
235kHz_150dA_100Mss_bobN1NE5X0162.txt	255.79	12.69	413.90	7.58	57041.50	1178.55	2.383222e+05	3.736664e+01	6.381162e+00	366.24	65.635154	4196	6.176e-02
235kHz_150dA_100Mss_bobN1NE5X0163.txt	256.29	13.16	415.09	7.61	57041.50	1174.75	2.383222e+05	3.728619e+01	6.383082e+00	372.60	66.930330	4196	6.150e-02
235kHz_150dA_100Mss_bobN1NE5X0164.txt	256.8	13.62	412.80	7.62	57041.50	1178.96	2.383222e+05	3.736017e+01	6.383171e+00	373.67	66.990126	4196	6.106e-02
235kHz_150dA_100Mss_bobN1NE5X0165.txt	257.29	14.09	409.84	7.53	57041.50	1176.77	2.383222e+05	3.727959e+01	6.380086e+00	361.39	64.910276	4196	6.145e-02
235kHz_150dA_100Mss_bobN1NE5X0166.txt	257.81	14.61	409.89	7.47	57041.50	1173.71	2.383222e+05	3.723744e+01	6.380074e+00	360.94	64.902499	4196	6.183e-02
235kHz_150dA_100Mss_bobN1NE5X0167.txt	258.32	15.06	407.41	7.49	57041.50	1168.59	2.383222e+05	3.704926e+01	6.380158e+00	359.42	64.958538	4196	6.113e-02
235kHz_150dA_100Mss_bobN1NE5X0168.txt	258.81	15.45	404.82	7.47	57041.50	1161.92	2.383222e+05	3.687308e+01	6.379644e+00	355.82	64.612416	4196	6.097e-02
235kHz_150dA_100Mss_bobN1NE5X0169.txt	259.31	15.88	404.94	7.42	57041.50	1173.34	2.383222e+05	3.716352e+01	6.378671e+00	355.02	63.957233	4196	6.152e-02
235kHz_150dA_100Mss_bobN1NE5X0170.txt	259.88	16.39	404.68	7.44	57041.50	1165.31	2.383222e+05	3.696529e+01	6.380055e+00	358.23	64.889830	4196	6.129e-02
235kHz_150dA_100Mss_bobN1NE5X0171.txt	260.88	17.20	402.20	7.37	57041.50	1172.80	2.383222e+05	3.717103e+01	6.378772e+00	355.47	64.024703	4196	6.138e-02
235kHz_150dA_100Mss_bobN1NE5X0172.txt	261.39	17.49	401.52	7.42	57041.50	1156.86	2.383222e+05	3.673248e+01	6.380642e+00	358.13	65.285670	4196	6.085e-02
235kHz_150dA_100Mss_bobN1NE5X0173.txt	261.89	17.74	399.71	7.37	57041.50	1169.94	2.383222e+05	3.705712e+01	6.379390e+00	356.66	64.441425	4196	6.100e-02
235kHz_150dA_100Mss_bobN1NE5X0174.txt	262.41	18.13	399.81	7.35	57041.50	1175.32	2.383222e+05	3.718975e+01	6.379118e+00	356.93	64.257984	4196	6.115e-02
235kHz_150dA_100Mss_bobN1NE5X0175.txt	262.9	18.52	398.52	7.31	57041.50	1174.09	2.383222e+05	3.717690e+01	6.378448e+00	354.32	63.806618	4196	6.132e-02
235kHz_150dA_100Mss_bobN1NE5X0176.txt	263.42	18.89	394.57	7.27	57041.50	1167.81	2.383222e+05	3.695843e+01	6.376870e+00	346.42	62.743508	4196	6.100e-02
235kHz_150dA_100Mss_bobN1NE5X0177.txt	263.92	19.24	394.32	7.33	57041.50	1159.21	2.383222e+05	3.671504e+01	6.378445e+00	349.91	63.804387	4196	6.046e-02
235kHz_150dA_100Mss_bobN1NE5X0178.txt	264.43	19.60	391.97	7.25	57041.50	1162.20	2.383222e+05	3.679314e+01	6.376569e+00	343.77	62.540390	4196	6.041e-02
235kHz_150dA_100Mss_bobN1NE5X0179.txt	264.95	19.96	390.79	7.21	57041.50	1164.40	2.383222e+05	3.685551e+01	6.375771e+00	341.42	62.003246	4196	6.029e-02
235kHz_150dA_100Mss_bobN1NE5X0180.txt	265.47	20.38	389.72	7.21	57041.50	1158.81	2.383222e+05	3.670230e+01	6.376144e+00	341.36	62.253964	4196	6.026e-02
235kHz_150dA_100Mss_bobN1NE5X0181.txt	265.99	20.79	390.19	7.23	57041.50	1162.76	2.383222e+05	3.678707e+01	6.377127e+00	345.76	62.916261	4196	6.051e-02
235kHz_150dA_100Mss_bobN1NE5X0182.txt	266.51	21.36	386.66	7.14	57041.50	1158.22	2.383222e+05	3.665336e+01	6.374461e+00	334.75	61.120182	4196	6.016e-02
235kHz_150dA_100Mss_bobN1NE5X0183.txt	267.01	21.91	385.60	7.15	57041.50	1155.59	2.383222e+05	3.657816e+01	6.374846e+00	335.47	61.380107	4196	6.024e-02
235kHz_150dA_100Mss_bobN1NE5X0184.txt	267.51	22.21	383.92	7.15	57041.50	1150.79	2.383222e+05	3.642313e+01	6.374707e+00	333.55	61.286489	4196	6.023e-02
235kHz_150dA_100Mss_bobN1NE5X0185.txt	268.03	22.52	384.60	7.16	57041.50	1154.89	2.383222e+05	3.655296e+01	6.376289e+00	340.50	62.351365	4196	5.984e-02
235kHz_150dA_100Mss_bobN1NE5X0186.txt	268.53	22.82	381.53	7.02	57041.50	1161.54	2.383222e+05	3.672401e+01	6.372130e+00	326.86	59.552006	4196	6.029e-02
235kHz_150dA_100Mss_bobN1NE5X0187.txt	269.03	23.12	382.31	7.07	57041.50	1163.45	2.383222e+05	3.677000e+01	6.374011e+00	334.17	60.817290	4196	5.996e-02
235kHz_150dA_100Mss_bobN1NE5X0188.txt	269.55	23.49	380.65	7.07	57041.50	1153.86	2.383222e+05	3.649584e+01	6.374138e+00	332.14	60.902590	4196	5.976e-02
235kHz_150dA_100Mss_bobN1NE5X0189.txt	270.06	23.84	378.86	7.02	57041.50	1156.62	2.383222e+05	3.657140e+01	6.373028e+00	328.78	60.155520	4196	5.982e-02
235kHz_150dA_100Mss_bobN1NE5X0190.txt	271.07	24.44	376.94	7.08	57041.50	1145.36	2.383222e+05	3.623833e+01	6.374971e+00	332.81	61.463895	4196	5.894e-02
235kHz_150dA_100Mss_bobN1NE5X0191.txt	271.57	24.74	373.45	7.01	57041.50	1148.81	2.383222e+05	3.628455e+01	6.372053e+00	322.67	59.499242	4196	5.909e-02
235kHz_150dA_100Mss_bobN1NE5X0192.txt	272.08	25.05	369.62	6.90	57041.50	1153.82	2.383222e+05	3.638042e+01	6.368662e+00	311.20	57.217038	4196	5.936e-02
235kHz_150dA_100Mss_bobN1NE5X0193.txt	272.58	25.35	371.19	6.97	57041.50	1147.63	2.383222e+05	3.623769e+01	6.371745e+00	321.13	59.292212	4196	5.889e-02
235kHz_150dA_100Mss_bobN1NE5X0194.txt	273.1	25.67	369.38	6.90	57041.50	1146.94	2.383222e+05	3.622030e+01	6.370022e+00	314.75	58.133187	4196	5.929e-02
235kHz_150dA_100Mss_bobN1NE5X0195.txt	273.6	26.02	368.66	6.87	57041.50	1151.63	2.383222e+05	3.634538e+01	6.369405e+00	313.60	57.717366	4196	5.948e-02
235kHz_150dA_100Mss_bobN1NE5X0196.txt	274.12	26.37	368.24	6.91	57041.50	1143.49	2.383222e+05	3.610673e+01	6.370677e+00	316.13	58.573785	4196	5.903e-02
235kHz_150dA_100Mss_bobN1NE5X0197.txt	274.64	26.68	367.10	6.89	57041.50	1143.79	2.383222e+05	3.612963e+01	6.371104e+00	317.87	58.860168	4196	5.903e-02
235kHz_150dA_100Mss_bobN1NE5X0198.txt	275.16	27.00	364.99	6.85	57041.50	1141.63	2.383222e+05	3.602872e+01	6.369579e+00	311.49	57.834727	4196	5.884e-02
235kHz_150dA_100Mss_bobN1NE5X0199.txt	275.67	27.30	364.06	6.84	57041.50	1144.42	2.383222e+05	3.611108e+01	6.369376e+00	311.48	57.698294	4196	5.893e-02
235kHz_150dA_100Mss_bobN1NE5X0200.txt	276.17	27.59	361.35	6.83	57041.50	1140.63	2.383222e+05	3.596284e+01	6.368418e+00	306.76	57.053785	4196	5.859e-02
235kHz_150dA_100Mss_bobN1NE5X0201.txt	276.67	27.84	361.04	6.79	57041.50	1144.41	2.383222e+05	3.608140e+01	6.368096e+00	306.61	56.837090	4196	5.895e-02
235kHz_150dA_100Mss_bobN1NE5X0202.txt	277.19	28.08	360.26	6.78	57041.50	1145.40	2.383222e+05	3.609580e+01	6.368056e+00	306.59	56.810503	4196	5.892e-02
235kHz_150dA_100Mss_bobN1NE5X0203.txt	277.7	28.28	358.15	6.76	57041.50	1139.06	2.383222e+05	3.591014e+01	6.367600e+00	303.37	56.504156	4196	5.869e-02
235kHz_150dA_100Mss_bobN1NE5X0204.txt	278.19	28.49	359.13	6.75	57041.50	1141.72	2.383222e+05	3.599113e+01	6.367688e+00	304.37	56.562845	4196	5.903e-02
235kHz_150dA_100Mss_bobN1NE5X0205.txt	278.76	28.78	356.57	6.75	57041.50	1134.91	2.383222e+05	3.580182e+01	6.367975e+00	303.80	56.756735	4196	5.850e-02
235kHz_150dA_100Mss_bobN1NE5X0206.txt	279.27	28.90	353.66	6.71	57041.50	1132.28	2.383222e+05	3.567689e+01	6.366157e+00	296.26	55.534385	4196	5.843e-02
235kHz_150dA_100Mss_bobN1NE5X0207.txt	279.78	28.90	355.92	6.78	57041.50	1127.34	2.383222e+05	3.556801e+01	6.369333e+00	306.64	57.670282	4196	5.788e-02
235kHz_150dA_100Mss_bobN1NE5X0208.txt	280.3	29.05	351.83	6.69	57041.50	1121.13	2.383222e+05	3.538772e+01	6.366394e+00	294.70	55.693986	4196	5.829e-02
235kHz_150dA_100Mss_bobN1NE5X0209.txt	281.32	29.62	350.92	6.68	57041.50	1127.71	2.383222e+05	3.554576e+01	6.366512e+00	296.44	55.773266	4196	5.818e-02
235kHz_150dA_100Mss_bobN1NE5X0210.txt	281.83	29.98	349.49	6.61	57041.50	1130.61	2.383222e+05	3.563078e+01	6.364915e+00	291.46	54.700061	4196	5.859e-02
235kHz_150dA_100Mss_bobN1NE5X0211.txt	282.35	30.24	348.50	6.66	57041.50	1122.97	2.383222e+05	3.539168e+01	6.366453e+00	294.94	55.732581	4196	5.785e-02
235kHz_150dA_100Mss_bobN1NE5X0212.txt	282.86	30.44	347.86	6.63	57041.50	1124.11	2.383222e+05	3.543666e+01	6.365867e+00	293.24	55.339764	4196	5.817e-02
235kHz_150dA_100Mss_bobN1NE5X0213.txt	283.36	30.68	346.94	6.59	57041.50	1124.00	2.383222e+05	3.545000e+01	6.365355e+00	291.54	54.995140	4196	5.826e-02
235kHz_150dA_100Mss_bobN1NE5X0214.txt	283.88	30.94	347.65	6.62	57041.50	1131.13	2.383222e+05	3.562168e+01	6.366397e+00	296.66	55.695874	4196	5.804e-02
235kHz_150dA_100Mss_bobN1NE5X0215.txt	284.38	31.11	343.73	6.57	57041.50	1122.25	2.383222e+05	3.533412e+01	6.364307e+00	286.89	54.290593	4196	5.787e-02
235kHz_150dA_100Mss_bobN1NE5X0216.txt	284.9	31.27	342.55	6.55	57041.50	1131.02	2.383222e+05	3.555716e+01	6.363496e+00	285.82	53.745425	4196	5.784e-02
235kHz_150dA_100Mss_bobN1NE5X0217.txt	285.42	31.51	344.61	6.59	57041.50	1121.86	2.383222e+05	3.534414e+01	6.366129e+00	293.40	55.515514	4196	5.761e-02
235kHz_150dA_100Mss_bobN1NE5X0218.txt	285.95	31.77	342.77	6.56	57041.50	1128.85	2.383222e+05	3.551208e+01	6.364743e+00	289.88	54.583646	4196	5.766e-02
235kHz_150dA_100Mss_bobN1NE5X0219.txt	286.45	31.94	342.76	6.56	57041.50	1121.93	2.383222e+05	3.534762e+01	6.365676e+00	291.83	55.210587	4196	5.774e-02
235kHz_150dA_100Mss_bobN1NE5X0220.txt	286.97	32.09	343.06	6.51	57041.50	1126.97	2.383222e+05	3.549280e+01	6.365018e+00	290.70	54.768255	4196	5.813e-02
235kHz_150dA_100Mss_bobN1NE5X0221.txt	287.47	32.29	339.75	6.50	57041.50	1126.90	2.383222e+05	3.543505e+01	6.363420e+00	284.57	53.694304	4196	5.771e-02
235kHz_150dA_100Mss_bobN1NE5X0222.txt	288.0	32.50	338.63	6.48	57041.50	1106.95	2.383222e+05	3.492145e+01	6.363529e+00	280.82	53.767490	4196	5.765e-02
