# Configuracion:
# Concentracion g/m^3_=_19900.0
# C_Vs_to_Am_M_A/Vsm_=_116720831517.84952
# pendiente_HvsI_1/m_=_3716.3
# ordenada_HvsI_A/m_=_1297.0
# frecuencia_ref_Hz_=_238341.35922200163
# 
Resultados:
# tau_s_=_(5.78+/-0.86)e+01
# dphi_rad_=_6.37+/-0.01
# SAR_W/g_=_277.79+/-51.89
# Hc_kA/m_=_6.69+/-0.88
# Mr_A/m_=_322.77+/-65.24
# Suceptibilidad_a_M=0_=_0.0533+/-0.0066
# t_hasta_1er_file_=_189.56
# Duracion_T_Fase_=_53.81
# 1er_file_T_Fase_=_235kHz_150dA_100Mss_bobN1NE5X0077.txt
# last_file_T_Fase_=_235kHz_150dA_100Mss_bobN1NE5X0176.txt

Nombre_archivo	Time_m_(s)	Temperatura_(ºC)	Mr_(A/m)	Hc_(kA/m)	Campo_max_(A/m)	Mag_max_(A/m)	f0	mag0	dphi0	SAR_(W/g)	Tau_(ns)	N	xi_M_0
235kHz_150dA_100Mss_bobN1NE5X0010.txt	189.56	-33.10	198.40	5.37	57041.50	970.61	2.383222e+05	2.977064e+01	6.350791e+00	201.51	45.213873	4196	3.925e-02
235kHz_150dA_100Mss_bobN1NE5X0011.txt	190.08	-31.77	198.19	5.33	57041.50	961.32	2.383222e+05	2.958941e+01	6.351249e+00	201.64	45.521818	4196	3.959e-02
235kHz_150dA_100Mss_bobN1NE5X0012.txt	190.57	-30.35	195.14	5.32	57041.50	947.79	2.383222e+05	2.915409e+01	6.350142e+00	195.45	44.778921	4196	3.916e-02
235kHz_150dA_100Mss_bobN1NE5X0013.txt	191.08	-28.89	192.00	5.26	57041.50	940.73	2.383222e+05	2.894009e+01	6.348769e+00	190.04	43.858377	4196	3.882e-02
235kHz_150dA_100Mss_bobN1NE5X0014.txt	191.59	-27.57	191.94	5.22	57041.50	932.75	2.383222e+05	2.875818e+01	6.349025e+00	189.58	44.029748	4196	3.901e-02
235kHz_150dA_100Mss_bobN1NE5X0015.txt	192.09	-26.37	191.74	5.21	57041.50	929.23	2.383222e+05	2.868129e+01	6.349485e+00	190.39	44.338140	4196	3.910e-02
235kHz_150dA_100Mss_bobN1NE5X0016.txt	192.59	-25.67	192.12	5.18	57041.50	925.01	2.383222e+05	2.861131e+01	6.350118e+00	191.74	44.763149	4196	3.943e-02
235kHz_150dA_100Mss_bobN1NE5X0017.txt	193.09	-24.88	188.41	5.11	57041.50	918.18	2.383222e+05	2.837964e+01	6.347802e+00	183.62	43.210193	4196	3.927e-02
235kHz_150dA_100Mss_bobN1NE5X0018.txt	193.6	-23.66	187.92	5.09	57041.50	905.36	2.383222e+05	2.803605e+01	6.347563e+00	180.72	43.049266	4196	3.920e-02
235kHz_150dA_100Mss_bobN1NE5X0019.txt	194.64	-21.29	186.67	5.10	57041.50	897.56	2.383222e+05	2.782764e+01	6.349077e+00	183.59	44.064550	4196	3.890e-02
235kHz_150dA_100Mss_bobN1NE5X0020.txt	195.21	-19.74	185.59	5.08	57041.50	891.57	2.383222e+05	2.767202e+01	6.349038e+00	182.46	44.038292	4196	3.889e-02
235kHz_150dA_100Mss_bobN1NE5X0021.txt	195.71	-17.94	183.83	5.05	57041.50	891.21	2.383222e+05	2.763559e+01	6.347747e+00	178.65	43.172533	4196	3.872e-02
235kHz_150dA_100Mss_bobN1NE5X0022.txt	196.2	-16.56	182.32	4.96	57041.50	894.54	2.383222e+05	2.773315e+01	6.345675e+00	173.53	41.783616	4196	3.914e-02
235kHz_150dA_100Mss_bobN1NE5X0023.txt	196.7	-15.71	180.45	4.93	57041.50	886.61	2.383222e+05	2.750483e+01	6.344376e+00	168.53	40.912585	4196	3.904e-02
235kHz_150dA_100Mss_bobN1NE5X0024.txt	197.19	-14.90	181.08	4.99	57041.50	883.66	2.383222e+05	2.742568e+01	6.346977e+00	175.18	42.656461	4196	3.853e-02
235kHz_150dA_100Mss_bobN1NE5X0025.txt	197.69	-14.10	180.88	4.94	57041.50	893.61	2.383222e+05	2.769772e+01	6.346098e+00	174.49	42.067557	4196	3.898e-02
235kHz_150dA_100Mss_bobN1NE5X0026.txt	198.19	-13.45	178.18	4.90	57041.50	873.75	2.383222e+05	2.715740e+01	6.344640e+00	167.12	41.089610	4196	3.868e-02
235kHz_150dA_100Mss_bobN1NE5X0027.txt	198.7	-13.04	176.03	4.80	57041.50	885.24	2.383222e+05	2.745443e+01	6.341450e+00	160.19	38.951700	4196	3.906e-02
235kHz_150dA_100Mss_bobN1NE5X0028.txt	199.21	-12.55	177.96	4.89	57041.50	864.17	2.383222e+05	2.692013e+01	6.345437e+00	167.81	41.624082	4196	3.863e-02
235kHz_150dA_100Mss_bobN1NE5X0029.txt	199.72	-11.94	175.26	4.80	57041.50	867.67	2.383222e+05	2.698789e+01	6.341960e+00	158.84	39.293693	4196	3.886e-02
235kHz_150dA_100Mss_bobN1NE5X0030.txt	200.24	-11.29	174.96	4.81	57041.50	872.79	2.383222e+05	2.710601e+01	6.342364e+00	160.63	39.564160	4196	3.865e-02
235kHz_150dA_100Mss_bobN1NE5X0031.txt	200.76	-10.61	175.95	4.84	57041.50	865.17	2.383222e+05	2.692984e+01	6.344776e+00	166.09	41.180456	4196	3.853e-02
235kHz_150dA_100Mss_bobN1NE5X0032.txt	201.26	-9.88	177.32	4.88	57041.50	863.47	2.383222e+05	2.692059e+01	6.346571e+00	170.86	42.384169	4196	3.858e-02
235kHz_150dA_100Mss_bobN1NE5X0033.txt	201.8	-9.02	176.49	4.85	57041.50	866.68	2.383222e+05	2.698786e+01	6.345430e+00	168.21	41.619377	4196	3.868e-02
235kHz_150dA_100Mss_bobN1NE5X0034.txt	202.31	-8.42	175.21	4.80	57041.50	865.31	2.383222e+05	2.694634e+01	6.343620e+00	163.07	40.406472	4196	3.875e-02
235kHz_150dA_100Mss_bobN1NE5X0035.txt	202.83	-7.95	173.94	4.79	57041.50	863.45	2.383222e+05	2.688672e+01	6.342803e+00	160.51	39.858357	4196	3.862e-02
235kHz_150dA_100Mss_bobN1NE5X0037.txt	203.85	-7.04	176.12	4.85	57041.50	862.89	2.383222e+05	2.688542e+01	6.344608e+00	165.36	41.068097	4196	3.842e-02
235kHz_150dA_100Mss_bobN1NE5X0038.txt	204.87	-6.55	176.81	4.86	57041.50	862.86	2.383222e+05	2.687401e+01	6.343093e+00	161.22	40.052921	4196	3.875e-02
235kHz_150dA_100Mss_bobN1NE5X0039.txt	205.39	-6.23	179.90	4.91	57041.50	864.05	2.383222e+05	2.696665e+01	6.345841e+00	169.19	41.895208	4196	3.895e-02
235kHz_150dA_100Mss_bobN1NE5X0040.txt	205.9	-5.87	182.91	4.99	57041.50	866.75	2.383222e+05	2.704329e+01	6.347701e+00	174.70	43.142433	4196	3.885e-02
235kHz_150dA_100Mss_bobN1NE5X0041.txt	206.43	-5.46	182.94	4.95	57041.50	874.74	2.383222e+05	2.725277e+01	6.345179e+00	169.18	41.450959	4196	3.922e-02
235kHz_150dA_100Mss_bobN1NE5X0042.txt	206.95	-5.04	186.19	4.99	57041.50	872.80	2.383222e+05	2.726459e+01	6.346015e+00	171.53	42.011698	4196	3.966e-02
235kHz_150dA_100Mss_bobN1NE5X0043.txt	207.45	-4.78	187.03	4.98	57041.50	881.16	2.383222e+05	2.747741e+01	6.344722e+00	169.32	41.144812	4196	3.991e-02
235kHz_150dA_100Mss_bobN1NE5X0044.txt	207.97	-4.52	189.24	5.01	57041.50	886.47	2.383222e+05	2.766151e+01	6.344837e+00	170.77	41.221873	4196	4.020e-02
235kHz_150dA_100Mss_bobN1NE5X0045.txt	208.48	-4.36	193.42	5.11	57041.50	881.88	2.383222e+05	2.757189e+01	6.347070e+00	176.37	42.718966	4196	4.034e-02
235kHz_150dA_100Mss_bobN1NE5X0046.txt	209.0	-4.20	197.22	5.18	57041.50	882.38	2.383222e+05	2.760931e+01	6.349104e+00	182.22	44.082566	4196	4.057e-02
235kHz_150dA_100Mss_bobN1NE5X0047.txt	209.51	-3.95	197.81	5.18	57041.50	882.57	2.383222e+05	2.761146e+01	6.346628e+00	175.40	42.422593	4196	4.072e-02
235kHz_150dA_100Mss_bobN1NE5X0048.txt	210.03	-3.69	204.44	5.31	57041.50	881.67	2.383222e+05	2.765309e+01	6.350482e+00	186.33	45.007631	4196	4.118e-02
235kHz_150dA_100Mss_bobN1NE5X0049.txt	210.53	-3.49	205.23	5.32	57041.50	879.71	2.383222e+05	2.759637e+01	6.349096e+00	182.12	44.078089	4196	4.120e-02
235kHz_150dA_100Mss_bobN1NE5X0050.txt	211.03	-3.29	208.79	5.41	57041.50	878.87	2.383222e+05	2.760469e+01	6.351045e+00	187.55	45.385011	4196	4.129e-02
235kHz_150dA_100Mss_bobN1NE5X0051.txt	211.53	-3.09	211.26	5.37	57041.50	897.95	2.383222e+05	2.812968e+01	6.347967e+00	182.46	43.320524	4196	4.216e-02
235kHz_150dA_100Mss_bobN1NE5X0052.txt	212.02	-2.90	215.39	5.44	57041.50	896.09	2.383222e+05	2.812476e+01	6.350137e+00	188.53	44.775961	4196	4.273e-02
235kHz_150dA_100Mss_bobN1NE5X0053.txt	212.53	-2.79	219.54	5.51	57041.50	895.85	2.383222e+05	2.814509e+01	6.350880e+00	190.76	45.274216	4196	4.281e-02
235kHz_150dA_100Mss_bobN1NE5X0054.txt	213.04	-2.69	222.15	5.52	57041.50	903.87	2.383222e+05	2.837245e+01	6.349222e+00	187.60	44.162407	4196	4.354e-02
235kHz_150dA_100Mss_bobN1NE5X0055.txt	213.55	-2.53	229.78	5.65	57041.50	902.28	2.383222e+05	2.840833e+01	6.353354e+00	199.57	46.934250	4196	4.440e-02
235kHz_150dA_100Mss_bobN1NE5X0056.txt	214.06	-2.39	234.74	5.75	57041.50	902.14	2.383222e+05	2.843336e+01	6.355259e+00	205.16	48.212435	4196	4.456e-02
235kHz_150dA_100Mss_bobN1NE5X0057.txt	215.06	-2.19	242.94	5.86	57041.50	909.97	2.383222e+05	2.867407e+01	6.355228e+00	206.81	48.192044	4196	4.548e-02
235kHz_150dA_100Mss_bobN1NE5X0058.txt	215.56	-2.09	248.03	5.91	57041.50	910.13	2.383222e+05	2.871414e+01	6.355108e+00	206.75	48.110972	4196	4.607e-02
235kHz_150dA_100Mss_bobN1NE5X0059.txt	216.14	-1.97	255.11	6.03	57041.50	917.56	2.383222e+05	2.895029e+01	6.357249e+00	214.65	49.548855	4196	4.658e-02
235kHz_150dA_100Mss_bobN1NE5X0060.txt	216.67	-1.87	262.38	6.14	57041.50	915.90	2.383222e+05	2.896558e+01	6.359058e+00	219.99	50.763296	4196	4.722e-02
235kHz_150dA_100Mss_bobN1NE5X0061.txt	217.17	-1.78	268.66	6.25	57041.50	919.47	2.383222e+05	2.908207e+01	6.361023e+00	226.59	52.083506	4196	4.800e-02
235kHz_150dA_100Mss_bobN1NE5X0062.txt	217.67	-1.73	273.70	6.33	57041.50	922.10	2.383222e+05	2.917500e+01	6.361474e+00	228.63	52.386214	4196	4.816e-02
235kHz_150dA_100Mss_bobN1NE5X0063.txt	218.17	-1.67	280.40	6.40	57041.50	928.10	2.383222e+05	2.939694e+01	6.362753e+00	234.12	53.246456	4196	4.928e-02
235kHz_150dA_100Mss_bobN1NE5X0064.txt	218.68	-1.56	287.28	6.49	57041.50	930.74	2.383222e+05	2.951017e+01	6.363772e+00	238.03	53.930724	4196	5.030e-02
235kHz_150dA_100Mss_bobN1NE5X0065.txt	219.19	-1.46	292.08	6.56	57041.50	932.95	2.383222e+05	2.958037e+01	6.363402e+00	237.50	53.682282	4196	5.050e-02
235kHz_150dA_100Mss_bobN1NE5X0066.txt	219.68	-1.36	298.02	6.68	57041.50	938.34	2.383222e+05	2.973346e+01	6.364878e+00	243.11	54.674149	4196	5.090e-02
235kHz_150dA_100Mss_bobN1NE5X0067.txt	220.18	-1.30	305.43	6.73	57041.50	947.58	2.383222e+05	3.005321e+01	6.366429e+00	250.38	55.717139	4196	5.197e-02
235kHz_150dA_100Mss_bobN1NE5X0068.txt	220.69	-1.30	311.61	6.85	57041.50	945.47	2.383222e+05	3.002988e+01	6.368677e+00	256.93	57.229338	4196	5.221e-02
235kHz_150dA_100Mss_bobN1NE5X0069.txt	221.21	-1.28	315.48	6.90	57041.50	940.32	2.383222e+05	2.989640e+01	6.368232e+00	254.46	56.929551	4196	5.246e-02
235kHz_150dA_100Mss_bobN1NE5X0070.txt	221.75	-1.23	321.47	6.98	57041.50	950.72	2.383222e+05	3.022209e+01	6.369835e+00	262.06	58.007848	4196	5.301e-02
235kHz_150dA_100Mss_bobN1NE5X0071.txt	222.24	-1.18	326.73	7.08	57041.50	947.60	2.383222e+05	3.016045e+01	6.372041e+00	268.17	59.492836	4196	5.316e-02
235kHz_150dA_100Mss_bobN1NE5X0072.txt	222.75	-1.12	331.90	7.16	57041.50	953.55	2.383222e+05	3.037241e+01	6.374365e+00	277.10	61.056853	4196	5.377e-02
235kHz_150dA_100Mss_bobN1NE5X0073.txt	223.27	-1.10	333.96	7.22	57041.50	953.10	2.383222e+05	3.034407e+01	6.373650e+00	274.68	60.575849	4196	5.378e-02
235kHz_150dA_100Mss_bobN1NE5X0074.txt	223.78	-1.10	337.34	7.22	57041.50	961.40	2.383222e+05	3.054714e+01	6.372295e+00	272.38	59.663441	4196	5.480e-02
235kHz_150dA_100Mss_bobN1NE5X0075.txt	224.31	-1.07	342.46	7.30	57041.50	967.09	2.383222e+05	3.076396e+01	6.375167e+00	283.13	61.596413	4196	5.462e-02
235kHz_150dA_100Mss_bobN1NE5X0076.txt	225.32	-0.97	347.97	7.40	57041.50	972.05	2.383222e+05	3.091621e+01	6.376426e+00	288.42	62.445010	4196	5.524e-02
235kHz_150dA_100Mss_bobN1NE5X0077.txt	225.82	-0.92	353.10	7.46	57041.50	968.25	2.383222e+05	3.087720e+01	6.378426e+00	294.21	63.792698	4196	5.575e-02
235kHz_150dA_100Mss_bobN1NE5X0078.txt	226.33	-0.90	353.38	7.49	57041.50	967.55	2.383222e+05	3.080777e+01	6.377596e+00	291.00	63.233977	4196	5.548e-02
235kHz_150dA_100Mss_bobN1NE5X0079.txt	226.84	-0.90	356.19	7.53	57041.50	972.42	2.383222e+05	3.096756e+01	6.378200e+00	294.38	63.640057	4196	5.554e-02
235kHz_150dA_100Mss_bobN1NE5X0080.txt	227.34	-0.90	359.11	7.53	57041.50	976.97	2.383222e+05	3.113500e+01	6.378678e+00	297.45	63.962143	4196	5.613e-02
235kHz_150dA_100Mss_bobN1NE5X0081.txt	227.85	-0.90	361.76	7.57	57041.50	976.10	2.383222e+05	3.111954e+01	6.379401e+00	299.55	64.450325	4196	5.620e-02
235kHz_150dA_100Mss_bobN1NE5X0082.txt	228.36	-0.86	364.29	7.63	57041.50	969.13	2.383222e+05	3.096821e+01	6.381481e+00	304.52	65.851591	4196	5.600e-02
235kHz_150dA_100Mss_bobN1NE5X0083.txt	228.89	-0.81	365.26	7.64	57041.50	978.20	2.383222e+05	3.120842e+01	6.381028e+00	305.47	65.546913	4196	5.623e-02
235kHz_150dA_100Mss_bobN1NE5X0084.txt	229.39	-0.80	366.37	7.65	57041.50	979.62	2.383222e+05	3.124624e+01	6.380743e+00	304.95	65.354173	4196	5.634e-02
235kHz_150dA_100Mss_bobN1NE5X0085.txt	229.92	-0.80	368.98	7.67	57041.50	985.54	2.383222e+05	3.141450e+01	6.381341e+00	308.47	65.757785	4196	5.660e-02
235kHz_150dA_100Mss_bobN1NE5X0086.txt	230.43	-0.71	371.53	7.72	57041.50	989.19	2.383222e+05	3.152809e+01	6.382570e+00	313.44	66.586442	4196	5.637e-02
235kHz_150dA_100Mss_bobN1NE5X0087.txt	230.96	-0.61	372.56	7.79	57041.50	983.73	2.383222e+05	3.138741e+01	6.384571e+00	318.31	67.936043	4196	5.607e-02
235kHz_150dA_100Mss_bobN1NE5X0088.txt	231.47	-0.60	372.37	7.76	57041.50	987.56	2.383222e+05	3.148970e+01	6.382641e+00	313.29	66.633805	4196	5.616e-02
235kHz_150dA_100Mss_bobN1NE5X0089.txt	231.99	-0.60	376.27	7.79	57041.50	997.36	2.383222e+05	3.179133e+01	6.384484e+00	322.13	67.877149	4196	5.653e-02
235kHz_150dA_100Mss_bobN1NE5X0090.txt	232.52	-0.60	374.91	7.77	57041.50	998.18	2.383222e+05	3.181553e+01	6.383946e+00	320.67	67.514497	4196	5.633e-02
235kHz_150dA_100Mss_bobN1NE5X0091.txt	233.05	-0.60	375.97	7.74	57041.50	994.72	2.383222e+05	3.176125e+01	6.383906e+00	319.99	67.487384	4196	5.671e-02
235kHz_150dA_100Mss_bobN1NE5X0092.txt	233.55	-0.60	376.65	7.77	57041.50	989.36	2.383222e+05	3.161777e+01	6.384468e+00	320.32	67.866401	4196	5.654e-02
235kHz_150dA_100Mss_bobN1NE5X0093.txt	234.07	-0.60	377.72	7.83	57041.50	1005.67	2.383222e+05	3.202761e+01	6.385207e+00	326.83	68.364968	4196	5.611e-02
235kHz_150dA_100Mss_bobN1NE5X0094.txt	234.59	-0.60	377.79	7.86	57041.50	996.00	2.383222e+05	3.175850e+01	6.386286e+00	327.50	69.093544	4196	5.583e-02
235kHz_150dA_100Mss_bobN1NE5X0095.txt	235.62	-0.54	380.07	7.86	57041.50	997.53	2.383222e+05	3.185284e+01	6.386784e+00	330.06	69.429936	4196	5.618e-02
235kHz_150dA_100Mss_bobN1NE5X0096.txt	236.14	-0.50	376.22	7.76	57041.50	1009.08	2.383222e+05	3.212147e+01	6.382525e+00	319.20	66.555786	4196	5.647e-02
235kHz_150dA_100Mss_bobN1NE5X0097.txt	236.74	-0.50	378.30	7.79	57041.50	1002.83	2.383222e+05	3.199263e+01	6.385225e+00	326.53	68.377484	4196	5.639e-02
235kHz_150dA_100Mss_bobN1NE5X0098.txt	237.51	-0.50	378.71	7.80	57041.50	1009.37	2.383222e+05	3.217829e+01	6.385348e+00	328.82	68.460702	4196	5.634e-02
235kHz_150dA_100Mss_bobN1NE5X0099.txt	238.01	-0.50	378.49	7.73	57041.50	1013.91	2.383222e+05	3.230304e+01	6.383670e+00	324.69	67.327712	4196	5.689e-02
235kHz_150dA_100Mss_bobN1NE5X0100.txt	238.53	-0.50	378.94	7.75	57041.50	1007.68	2.383222e+05	3.215668e+01	6.385180e+00	328.06	68.346295	4196	5.660e-02
235kHz_150dA_100Mss_bobN1NE5X0101.txt	239.06	-0.50	378.31	7.75	57041.50	1011.50	2.383222e+05	3.225386e+01	6.385341e+00	329.57	68.455499	4196	5.623e-02
235kHz_150dA_100Mss_bobN1NE5X0102.txt	239.57	-0.50	376.70	7.77	57041.50	1010.16	2.383222e+05	3.216572e+01	6.384414e+00	325.70	67.829825	4196	5.616e-02
235kHz_150dA_100Mss_bobN1NE5X0103.txt	240.15	-0.48	379.08	7.81	57041.50	1015.13	2.383222e+05	3.234236e+01	6.387159e+00	336.34	69.682285	4196	5.604e-02
235kHz_150dA_100Mss_bobN1NE5X0104.txt	240.63	-0.44	375.43	7.77	57041.50	1012.20	2.383222e+05	3.222815e+01	6.384461e+00	326.48	67.861634	4196	5.560e-02
235kHz_150dA_100Mss_bobN1NE5X0105.txt	241.15	-0.40	377.45	7.81	57041.50	1007.77	2.383222e+05	3.212493e+01	6.386946e+00	333.39	69.538596	4196	5.549e-02
235kHz_150dA_100Mss_bobN1NE5X0106.txt	241.65	-0.40	377.71	7.78	57041.50	1016.25	2.383222e+05	3.237080e+01	6.386577e+00	334.75	69.290075	4196	5.580e-02
235kHz_150dA_100Mss_bobN1NE5X0107.txt	242.17	-0.40	375.65	7.81	57041.50	1011.44	2.383222e+05	3.221170e+01	6.386225e+00	331.98	69.052242	4196	5.509e-02
235kHz_150dA_100Mss_bobN1NE5X0108.txt	242.68	-0.40	376.18	7.70	57041.50	1015.82	2.383222e+05	3.235341e+01	6.384115e+00	326.63	67.628320	4196	5.607e-02
235kHz_150dA_100Mss_bobN1NE5X0109.txt	243.2	-0.40	374.58	7.69	57041.50	1016.07	2.383222e+05	3.233575e+01	6.383586e+00	324.75	67.271094	4196	5.592e-02
235kHz_150dA_100Mss_bobN1NE5X0110.txt	243.71	-0.40	372.27	7.65	57041.50	1022.17	2.383222e+05	3.246108e+01	6.381468e+00	319.16	65.843025	4196	5.585e-02
235kHz_150dA_100Mss_bobN1NE5X0111.txt	244.21	-0.40	376.96	7.71	57041.50	1016.53	2.383222e+05	3.239808e+01	6.385774e+00	332.44	68.747954	4196	5.620e-02
235kHz_150dA_100Mss_bobN1NE5X0112.txt	244.72	-0.40	375.31	7.62	57041.50	1021.84	2.383222e+05	3.253971e+01	6.383336e+00	325.99	67.103485	4196	5.655e-02
235kHz_150dA_100Mss_bobN1NE5X0113.txt	245.22	-0.40	373.11	7.59	57041.50	1024.27	2.383222e+05	3.258358e+01	6.381328e+00	319.91	65.748397	4196	5.630e-02
235kHz_150dA_100Mss_bobN1NE5X0114.txt	246.24	-0.40	373.89	7.61	57041.50	1019.29	2.383222e+05	3.245271e+01	6.382529e+00	322.51	66.559029	4196	5.623e-02
235kHz_150dA_100Mss_bobN1NE5X0115.txt	246.76	-0.40	373.57	7.60	57041.50	1023.94	2.383222e+05	3.257256e+01	6.382476e+00	323.52	66.522621	4196	5.625e-02
235kHz_150dA_100Mss_bobN1NE5X0116.txt	247.28	-0.40	374.44	7.60	57041.50	1027.07	2.383222e+05	3.267343e+01	6.382675e+00	325.17	66.657507	4196	5.638e-02
235kHz_150dA_100Mss_bobN1NE5X0117.txt	247.79	-0.40	375.99	7.69	57041.50	1018.76	2.383222e+05	3.245461e+01	6.386300e+00	334.73	69.103434	4196	5.579e-02
235kHz_150dA_100Mss_bobN1NE5X0118.txt	248.33	-0.40	372.29	7.63	57041.50	1024.95	2.383222e+05	3.257235e+01	6.383212e+00	325.91	67.020087	4196	5.571e-02
235kHz_150dA_100Mss_bobN1NE5X0119.txt	248.84	-0.40	374.17	7.66	57041.50	1024.38	2.383222e+05	3.260397e+01	6.385382e+00	333.28	68.483767	4196	5.580e-02
235kHz_150dA_100Mss_bobN1NE5X0120.txt	249.36	-0.40	372.95	7.64	57041.50	1025.00	2.383222e+05	3.261031e+01	6.384414e+00	330.20	67.830473	4196	5.568e-02
235kHz_150dA_100Mss_bobN1NE5X0121.txt	249.89	-0.40	371.66	7.59	57041.50	1022.20	2.383222e+05	3.251949e+01	6.382740e+00	323.85	66.701036	4196	5.583e-02
235kHz_150dA_100Mss_bobN1NE5X0122.txt	250.4	-0.40	371.55	7.57	57041.50	1022.61	2.383222e+05	3.254342e+01	6.382779e+00	324.22	66.727345	4196	5.592e-02
235kHz_150dA_100Mss_bobN1NE5X0123.txt	250.91	-0.40	372.92	7.59	57041.50	1035.88	2.383222e+05	3.288649e+01	6.383595e+00	330.31	67.277683	4196	5.598e-02
235kHz_150dA_100Mss_bobN1NE5X0124.txt	251.42	-0.40	373.02	7.56	57041.50	1039.33	2.383222e+05	3.302003e+01	6.383721e+00	332.07	67.362655	4196	5.622e-02
235kHz_150dA_100Mss_bobN1NE5X0125.txt	251.94	-0.40	371.41	7.56	57041.50	1025.12	2.383222e+05	3.263790e+01	6.383296e+00	326.84	67.076431	4196	5.602e-02
235kHz_150dA_100Mss_bobN1NE5X0126.txt	252.46	-0.40	372.39	7.57	57041.50	1019.25	2.383222e+05	3.247842e+01	6.384410e+00	328.85	67.827609	4196	5.607e-02
235kHz_150dA_100Mss_bobN1NE5X0127.txt	252.97	-0.40	372.30	7.55	57041.50	1028.63	2.383222e+05	3.272965e+01	6.383577e+00	328.68	67.265261	4196	5.608e-02
235kHz_150dA_100Mss_bobN1NE5X0128.txt	253.48	-0.40	370.68	7.58	57041.50	1016.85	2.383222e+05	3.237450e+01	6.383810e+00	325.86	67.423190	4196	5.558e-02
235kHz_150dA_100Mss_bobN1NE5X0129.txt	253.98	-0.40	371.48	7.58	57041.50	1023.25	2.383222e+05	3.255565e+01	6.384180e+00	328.89	67.672307	4196	5.571e-02
235kHz_150dA_100Mss_bobN1NE5X0130.txt	254.49	-0.40	369.29	7.47	57041.50	1017.87	2.383222e+05	3.242288e+01	6.381491e+00	318.85	65.859205	4196	5.628e-02
235kHz_150dA_100Mss_bobN1NE5X0131.txt	255.03	-0.40	370.24	7.52	57041.50	1023.97	2.383222e+05	3.259782e+01	6.383165e+00	326.01	66.988215	4196	5.597e-02
235kHz_150dA_100Mss_bobN1NE5X0132.txt	255.52	-0.40	369.91	7.50	57041.50	1017.37	2.383222e+05	3.241077e+01	6.382645e+00	322.46	66.637241	4196	5.605e-02
235kHz_150dA_100Mss_bobN1NE5X0133.txt	256.59	-0.40	367.57	7.45	57041.50	1031.50	2.383222e+05	3.275973e+01	6.380376e+00	318.52	65.107344	4196	5.602e-02
235kHz_150dA_100Mss_bobN1NE5X0134.txt	257.1	-0.40	369.75	7.47	57041.50	1024.83	2.383222e+05	3.263444e+01	6.382452e+00	324.06	66.507207	4196	5.623e-02
235kHz_150dA_100Mss_bobN1NE5X0135.txt	257.6	-0.40	368.30	7.50	57041.50	1019.16	2.383222e+05	3.244242e+01	6.382270e+00	321.57	66.384390	4196	5.581e-02
235kHz_150dA_100Mss_bobN1NE5X0136.txt	258.11	-0.40	370.33	7.53	57041.50	1026.22	2.383222e+05	3.262742e+01	6.383595e+00	327.71	67.278258	4196	5.574e-02
235kHz_150dA_100Mss_bobN1NE5X0137.txt	258.61	-0.40	369.77	7.49	57041.50	1025.81	2.383222e+05	3.264061e+01	6.383184e+00	326.50	67.000807	4196	5.591e-02
235kHz_150dA_100Mss_bobN1NE5X0138.txt	259.12	-0.40	368.76	7.41	57041.50	1026.25	2.383222e+05	3.267390e+01	6.382086e+00	323.26	66.259658	4196	5.634e-02
235kHz_150dA_100Mss_bobN1NE5X0139.txt	259.62	-0.40	368.00	7.41	57041.50	1024.02	2.383222e+05	3.261069e+01	6.382064e+00	322.56	66.245258	4196	5.643e-02
235kHz_150dA_100Mss_bobN1NE5X0140.txt	260.15	-0.40	367.48	7.43	57041.50	1027.91	2.383222e+05	3.270562e+01	6.382382e+00	324.54	66.460118	4196	5.600e-02
235kHz_150dA_100Mss_bobN1NE5X0141.txt	260.64	-0.40	365.53	7.41	57041.50	1028.21	2.383222e+05	3.266705e+01	6.380931e+00	319.43	65.481273	4196	5.579e-02
235kHz_150dA_100Mss_bobN1NE5X0142.txt	261.17	-0.40	365.73	7.39	57041.50	1035.64	2.383222e+05	3.288374e+01	6.380578e+00	320.39	65.243198	4196	5.602e-02
235kHz_150dA_100Mss_bobN1NE5X0143.txt	261.68	-0.40	366.34	7.40	57041.50	1032.77	2.383222e+05	3.282132e+01	6.381503e+00	322.81	65.867601	4196	5.600e-02
235kHz_150dA_100Mss_bobN1NE5X0144.txt	262.2	-0.40	366.64	7.42	57041.50	1027.23	2.383222e+05	3.264912e+01	6.382197e+00	323.38	66.334890	4196	5.587e-02
235kHz_150dA_100Mss_bobN1NE5X0145.txt	262.72	-0.40	365.85	7.41	57041.50	1023.64	2.383222e+05	3.256380e+01	6.381793e+00	321.22	66.062827	4196	5.560e-02
235kHz_150dA_100Mss_bobN1NE5X0146.txt	263.22	-0.38	364.72	7.38	57041.50	1026.06	2.383222e+05	3.260694e+01	6.380599e+00	317.76	65.257036	4196	5.590e-02
235kHz_150dA_100Mss_bobN1NE5X0147.txt	263.74	-0.33	365.10	7.37	57041.50	1028.39	2.383222e+05	3.269407e+01	6.380934e+00	319.70	65.483273	4196	5.590e-02
235kHz_150dA_100Mss_bobN1NE5X0148.txt	264.26	-0.30	365.70	7.42	57041.50	1023.79	2.383222e+05	3.257554e+01	6.382325e+00	323.06	66.421317	4196	5.568e-02
235kHz_150dA_100Mss_bobN1NE5X0149.txt	264.76	-0.30	364.90	7.36	57041.50	1032.30	2.383222e+05	3.278437e+01	6.380614e+00	319.54	65.267835	4196	5.603e-02
235kHz_150dA_100Mss_bobN1NE5X0150.txt	265.25	-0.30	364.27	7.40	57041.50	1031.50	2.383222e+05	3.272605e+01	6.381162e+00	320.76	65.637437	4196	5.542e-02
235kHz_150dA_100Mss_bobN1NE5X0151.txt	265.77	-0.30	365.42	7.37	57041.50	1036.12	2.383222e+05	3.290759e+01	6.381607e+00	324.00	65.936875	4196	5.596e-02
235kHz_150dA_100Mss_bobN1NE5X0152.txt	266.79	-0.38	362.34	7.25	57041.50	1031.76	2.383222e+05	3.277040e+01	6.377836e+00	310.32	63.394940	4196	5.619e-02
235kHz_150dA_100Mss_bobN1NE5X0153.txt	267.31	-0.37	362.09	7.17	57041.50	1038.61	2.383222e+05	3.298869e+01	6.376453e+00	307.84	62.464233	4196	5.640e-02
235kHz_150dA_100Mss_bobN1NE5X0154.txt	267.81	-0.32	363.23	7.29	57041.50	1028.79	2.383222e+05	3.271308e+01	6.380145e+00	317.32	64.951641	4196	5.614e-02
235kHz_150dA_100Mss_bobN1NE5X0155.txt	268.32	-0.30	361.90	7.27	57041.50	1026.85	2.383222e+05	3.266722e+01	6.379541e+00	314.90	64.544366	4196	5.581e-02
235kHz_150dA_100Mss_bobN1NE5X0156.txt	268.83	-0.30	363.39	7.28	57041.50	1032.99	2.383222e+05	3.283581e+01	6.380043e+00	318.17	64.882134	4196	5.629e-02
235kHz_150dA_100Mss_bobN1NE5X0157.txt	269.35	-0.34	361.74	7.27	57041.50	1024.64	2.383222e+05	3.258717e+01	6.379426e+00	313.76	64.466752	4196	5.586e-02
235kHz_150dA_100Mss_bobN1NE5X0158.txt	269.87	-0.39	362.70	7.31	57041.50	1032.59	2.383222e+05	3.278476e+01	6.380412e+00	318.89	65.131148	4196	5.556e-02
235kHz_150dA_100Mss_bobN1NE5X0159.txt	270.38	-0.36	361.92	7.25	57041.50	1033.18	2.383222e+05	3.281750e+01	6.378834e+00	314.04	64.067725	4196	5.568e-02
235kHz_150dA_100Mss_bobN1NE5X0160.txt	270.87	-0.31	361.93	7.26	57041.50	1037.79	2.383222e+05	3.292967e+01	6.379289e+00	316.61	64.374826	4196	5.577e-02
235kHz_150dA_100Mss_bobN1NE5X0161.txt	271.36	-0.30	362.38	7.26	57041.50	1034.46	2.383222e+05	3.286361e+01	6.379503e+00	316.67	64.519343	4196	5.592e-02
235kHz_150dA_100Mss_bobN1NE5X0162.txt	271.87	-0.30	360.51	7.23	57041.50	1035.96	2.383222e+05	3.287573e+01	6.378395e+00	313.16	63.772653	4196	5.579e-02
235kHz_150dA_100Mss_bobN1NE5X0163.txt	272.37	-0.30	360.77	7.32	57041.50	1022.48	2.383222e+05	3.249749e+01	6.381044e+00	318.14	65.557548	4196	5.536e-02
235kHz_150dA_100Mss_bobN1NE5X0164.txt	272.88	-0.30	361.33	7.24	57041.50	1034.09	2.383222e+05	3.284156e+01	6.379377e+00	316.05	64.434054	4196	5.590e-02
235kHz_150dA_100Mss_bobN1NE5X0165.txt	273.4	-0.30	359.16	7.20	57041.50	1026.26	2.383222e+05	3.258758e+01	6.378283e+00	310.05	63.696869	4196	5.553e-02
235kHz_150dA_100Mss_bobN1NE5X0166.txt	273.91	-0.30	358.27	7.20	57041.50	1035.49	2.383222e+05	3.284047e+01	6.378643e+00	313.63	63.938488	4196	5.589e-02
235kHz_150dA_100Mss_bobN1NE5X0167.txt	274.43	-0.30	357.44	7.18	57041.50	1023.07	2.383222e+05	3.253169e+01	6.378215e+00	309.30	63.650868	4196	5.540e-02
235kHz_150dA_100Mss_bobN1NE5X0168.txt	274.95	-0.30	356.92	7.17	57041.50	1029.76	2.383222e+05	3.270097e+01	6.377349e+00	308.08	63.067074	4196	5.575e-02
235kHz_150dA_100Mss_bobN1NE5X0169.txt	275.45	-0.34	357.25	7.17	57041.50	1025.18	2.383222e+05	3.256818e+01	6.378086e+00	309.22	63.564041	4196	5.553e-02
235kHz_150dA_100Mss_bobN1NE5X0170.txt	275.97	-0.40	357.34	7.19	57041.50	1024.69	2.383222e+05	3.253959e+01	6.378278e+00	309.57	63.693275	4196	5.556e-02
235kHz_150dA_100Mss_bobN1NE5X0171.txt	277.02	-0.20	356.28	7.12	57041.50	1033.17	2.383222e+05	3.280835e+01	6.377176e+00	308.53	62.950793	4196	5.579e-02
235kHz_150dA_100Mss_bobN1NE5X0172.txt	277.52	-0.10	357.34	7.17	57041.50	1031.64	2.383222e+05	3.274683e+01	6.378507e+00	312.29	63.847487	4196	5.550e-02
235kHz_150dA_100Mss_bobN1NE5X0173.txt	278.11	-0.01	356.56	7.14	57041.50	1030.26	2.383222e+05	3.270140e+01	6.377324e+00	308.00	63.050704	4196	5.548e-02
235kHz_150dA_100Mss_bobN1NE5X0174.txt	278.63	-0.06	355.51	7.11	57041.50	1032.64	2.383222e+05	3.277091e+01	6.376886e+00	307.23	62.755810	4196	5.579e-02
235kHz_150dA_100Mss_bobN1NE5X0175.txt	279.13	-0.07	356.01	7.15	57041.50	1028.07	2.383222e+05	3.265123e+01	6.378334e+00	310.82	63.730672	4196	5.549e-02
235kHz_150dA_100Mss_bobN1NE5X0176.txt	279.64	0.03	354.97	7.08	57041.50	1030.63	2.383222e+05	3.275083e+01	6.377058e+00	307.60	62.871535	4196	5.579e-02
235kHz_150dA_100Mss_bobN1NE5X0177.txt	280.14	0.13	355.86	7.08	57041.50	1035.38	2.383222e+05	3.286102e+01	6.376487e+00	306.76	62.485894	4196	5.584e-02
235kHz_150dA_100Mss_bobN1NE5X0178.txt	280.64	0.23	355.39	7.11	57041.50	1029.32	2.383222e+05	3.269034e+01	6.377417e+00	308.20	63.113290	4196	5.547e-02
235kHz_150dA_100Mss_bobN1NE5X0179.txt	281.16	0.33	354.91	7.08	57041.50	1037.35	2.383222e+05	3.289959e+01	6.376455e+00	307.02	62.465029	4196	5.573e-02
235kHz_150dA_100Mss_bobN1NE5X0180.txt	281.66	0.43	354.57	7.03	57041.50	1028.72	2.383222e+05	3.269981e+01	6.375873e+00	303.26	62.072819	4196	5.614e-02
235kHz_150dA_100Mss_bobN1NE5X0181.txt	282.17	0.62	354.07	7.07	57041.50	1030.63	2.383222e+05	3.273368e+01	6.376412e+00	305.33	62.436159	4196	5.580e-02
235kHz_150dA_100Mss_bobN1NE5X0182.txt	282.69	0.98	354.51	7.05	57041.50	1033.57	2.383222e+05	3.282557e+01	6.376445e+00	306.29	62.457322	4196	5.593e-02
235kHz_150dA_100Mss_bobN1NE5X0183.txt	283.2	1.30	352.35	6.99	57041.50	1041.73	2.383222e+05	3.300670e+01	6.374152e+00	300.43	60.913785	4196	5.607e-02
235kHz_150dA_100Mss_bobN1NE5X0184.txt	283.69	1.54	353.96	7.03	57041.50	1032.25	2.383222e+05	3.277927e+01	6.376078e+00	304.66	62.210774	4196	5.609e-02
235kHz_150dA_100Mss_bobN1NE5X0185.txt	284.2	1.86	354.43	7.03	57041.50	1030.77	2.383222e+05	3.275869e+01	6.376947e+00	307.31	62.795953	4196	5.601e-02
235kHz_150dA_100Mss_bobN1NE5X0186.txt	284.71	2.27	352.41	6.98	57041.50	1035.09	2.383222e+05	3.284282e+01	6.374418e+00	299.81	61.092479	4196	5.605e-02
235kHz_150dA_100Mss_bobN1NE5X0187.txt	285.21	2.69	352.64	6.94	57041.50	1043.81	2.383222e+05	3.309041e+01	6.373725e+00	299.78	60.626561	4196	5.660e-02
235kHz_150dA_100Mss_bobN1NE5X0188.txt	285.72	3.15	352.41	6.94	57041.50	1041.45	2.383222e+05	3.302474e+01	6.373985e+00	300.04	60.801189	4196	5.651e-02
235kHz_150dA_100Mss_bobN1NE5X0189.txt	286.24	3.47	352.68	6.90	57041.50	1047.66	2.383222e+05	3.321677e+01	6.373090e+00	298.83	60.198977	4196	5.691e-02
235kHz_150dA_100Mss_bobN1NE5X0190.txt	287.29	3.96	352.10	6.97	57041.50	1039.87	2.383222e+05	3.298095e+01	6.375113e+00	303.36	61.560649	4196	5.617e-02
235kHz_150dA_100Mss_bobN1NE5X0191.txt	287.81	4.43	348.99	6.87	57041.50	1047.59	2.383222e+05	3.316757e+01	6.371180e+00	292.06	58.913258	4196	5.643e-02
235kHz_150dA_100Mss_bobN1NE5X0192.txt	288.32	4.66	351.21	6.97	57041.50	1049.60	2.383222e+05	3.322434e+01	6.374673e+00	304.14	61.264337	4196	5.587e-02
235kHz_150dA_100Mss_bobN1NE5X0193.txt	288.82	4.76	349.93	6.89	57041.50	1048.53	2.383222e+05	3.321364e+01	6.372522e+00	296.91	59.816603	4196	5.649e-02
235kHz_150dA_100Mss_bobN1NE5X0194.txt	289.34	5.24	349.06	6.83	57041.50	1043.85	2.383222e+05	3.309622e+01	6.371299e+00	291.82	58.993964	4196	5.693e-02
235kHz_150dA_100Mss_bobN1NE5X0195.txt	289.85	5.91	349.89	6.87	57041.50	1054.13	2.383222e+05	3.335423e+01	6.372459e+00	297.96	59.774195	4196	5.654e-02
235kHz_150dA_100Mss_bobN1NE5X0196.txt	290.37	6.21	348.34	6.88	57041.50	1042.76	2.383222e+05	3.303169e+01	6.372370e+00	294.79	59.714399	4196	5.625e-02
235kHz_150dA_100Mss_bobN1NE5X0197.txt	290.88	6.36	349.85	6.86	57041.50	1044.76	2.383222e+05	3.311547e+01	6.372857e+00	297.14	60.042141	4196	5.667e-02
235kHz_150dA_100Mss_bobN1NE5X0198.txt	291.4	6.56	348.75	6.79	57041.50	1057.65	2.383222e+05	3.349432e+01	6.370715e+00	293.38	58.600392	4196	5.708e-02
235kHz_150dA_100Mss_bobN1NE5X0199.txt	291.91	6.76	347.05	6.86	57041.50	1048.18	2.383222e+05	3.318243e+01	6.371529e+00	293.34	59.148131	4196	5.623e-02
235kHz_150dA_100Mss_bobN1NE5X0200.txt	292.43	6.89	347.86	6.82	57041.50	1051.75	2.383222e+05	3.331520e+01	6.371509e+00	294.45	59.134924	4196	5.670e-02
235kHz_150dA_100Mss_bobN1NE5X0201.txt	292.94	6.99	349.30	6.88	57041.50	1050.12	2.383222e+05	3.326735e+01	6.373259e+00	299.84	60.312616	4196	5.638e-02
235kHz_150dA_100Mss_bobN1NE5X0202.txt	293.45	7.90	348.86	6.83	57041.50	1054.28	2.383222e+05	3.339726e+01	6.372406e+00	298.17	59.738618	4196	5.676e-02
235kHz_150dA_100Mss_bobN1NE5X0203.txt	293.95	8.90	346.99	6.80	57041.50	1051.91	2.383222e+05	3.329648e+01	6.370868e+00	292.16	58.703562	4196	5.665e-02
235kHz_150dA_100Mss_bobN1NE5X0204.txt	294.47	9.00	348.50	6.79	57041.50	1048.48	2.383222e+05	3.324844e+01	6.371686e+00	294.45	59.254702	4196	5.702e-02
235kHz_150dA_100Mss_bobN1NE5X0205.txt	294.98	9.00	348.85	6.77	57041.50	1052.37	2.383222e+05	3.337170e+01	6.371575e+00	295.17	59.179642	4196	5.711e-02
235kHz_150dA_100Mss_bobN1NE5X0206.txt	295.5	9.60	349.93	6.81	57041.50	1050.17	2.383222e+05	3.331667e+01	6.372900e+00	299.09	60.071236	4196	5.695e-02
235kHz_150dA_100Mss_bobN1NE5X0207.txt	296.02	10.21	347.22	6.76	57041.50	1064.74	2.383222e+05	3.366130e+01	6.370068e+00	292.67	58.165052	4196	5.698e-02
235kHz_150dA_100Mss_bobN1NE5X0208.txt	296.55	10.42	349.12	6.79	57041.50	1061.10	2.383222e+05	3.360045e+01	6.371982e+00	298.56	59.453053	4196	5.706e-02
235kHz_150dA_100Mss_bobN1NE5X0209.txt	297.57	10.77	349.71	6.80	57041.50	1059.05	2.383222e+05	3.355329e+01	6.372837e+00	301.01	60.028683	4196	5.703e-02
235kHz_150dA_100Mss_bobN1NE5X0210.txt	298.07	10.87	348.24	6.72	57041.50	1063.62	2.383222e+05	3.369378e+01	6.370457e+00	294.26	58.427817	4196	5.761e-02
235kHz_150dA_100Mss_bobN1NE5X0211.txt	298.58	10.67	346.81	6.71	57041.50	1068.39	2.383222e+05	3.378510e+01	6.369594e+00	292.15	57.846239	4196	5.740e-02
235kHz_150dA_100Mss_bobN1NE5X0212.txt	299.09	10.54	345.56	6.71	57041.50	1060.07	2.383222e+05	3.356098e+01	6.370172e+00	292.14	58.234877	4196	5.709e-02
235kHz_150dA_100Mss_bobN1NE5X0213.txt	299.68	10.84	346.30	6.67	57041.50	1061.87	2.383222e+05	3.363635e+01	6.369254e+00	289.72	57.617307	4196	5.760e-02
235kHz_150dA_100Mss_bobN1NE5X0214.txt	300.18	11.31	346.90	6.71	57041.50	1063.55	2.383222e+05	3.364243e+01	6.369772e+00	291.51	57.965741	4196	5.735e-02
235kHz_150dA_100Mss_bobN1NE5X0215.txt	300.7	12.19	346.31	6.68	57041.50	1064.91	2.383222e+05	3.369808e+01	6.368831e+00	288.83	57.332556	4196	5.757e-02
235kHz_150dA_100Mss_bobN1NE5X0216.txt	301.26	13.04	346.96	6.68	57041.50	1067.08	2.383222e+05	3.377433e+01	6.369723e+00	292.49	57.932566	4196	5.765e-02
235kHz_150dA_100Mss_bobN1NE5X0217.txt	301.76	13.69	345.96	6.64	57041.50	1067.19	2.383222e+05	3.377629e+01	6.368251e+00	287.54	56.943036	4196	5.757e-02
235kHz_150dA_100Mss_bobN1NE5X0218.txt	302.24	14.19	345.11	6.64	57041.50	1072.59	2.383222e+05	3.389796e+01	6.367916e+00	287.45	56.717886	4196	5.759e-02
235kHz_150dA_100Mss_bobN1NE5X0219.txt	302.75	14.60	346.57	6.60	57041.50	1083.51	2.383222e+05	3.424039e+01	6.367581e+00	289.20	56.492272	4196	5.828e-02
235kHz_150dA_100Mss_bobN1NE5X0220.txt	303.26	14.90	346.76	6.64	57041.50	1080.40	2.383222e+05	3.413384e+01	6.367878e+00	289.32	56.691918	4196	5.801e-02
235kHz_150dA_100Mss_bobN1NE5X0221.txt	303.77	15.11	346.70	6.60	57041.50	1081.52	2.383222e+05	3.419120e+01	6.367648e+00	289.02	56.537125	4196	5.825e-02
235kHz_150dA_100Mss_bobN1NE5X0222.txt	304.29	15.32	347.94	6.60	57041.50	1079.87	2.383222e+05	3.417432e+01	6.368310e+00	291.13	56.982529	4196	5.825e-02
235kHz_150dA_100Mss_bobN1NE5X0223.txt	304.79	15.52	346.28	6.56	57041.50	1090.50	2.383222e+05	3.443146e+01	6.366720e+00	287.86	55.912906	4196	5.824e-02
235kHz_150dA_100Mss_bobN1NE5X0224.txt	305.32	15.86	346.93	6.59	57041.50	1087.40	2.383222e+05	3.435523e+01	6.367681e+00	290.52	56.560134	4196	5.809e-02
235kHz_150dA_100Mss_bobN1NE5X0225.txt	305.82	16.26	346.22	6.58	57041.50	1088.26	2.383222e+05	3.437912e+01	6.367225e+00	289.15	56.253302	4196	5.843e-02
235kHz_150dA_100Mss_bobN1NE5X0226.txt	306.34	16.57	347.34	6.60	57041.50	1085.31	2.383222e+05	3.429497e+01	6.367936e+00	290.88	56.731908	4196	5.828e-02
235kHz_150dA_100Mss_bobN1NE5X0227.txt	306.87	16.84	347.55	6.57	57041.50	1085.28	2.383222e+05	3.432434e+01	6.367766e+00	290.55	56.617044	4196	5.867e-02
235kHz_150dA_100Mss_bobN1NE5X0228.txt	307.9	17.62	345.85	6.53	57041.50	1089.82	2.383222e+05	3.443674e+01	6.366398e+00	286.80	55.696829	4196	5.840e-02
235kHz_150dA_100Mss_bobN1NE5X0229.txt	308.41	17.99	346.33	6.53	57041.50	1089.43	2.383222e+05	3.444760e+01	6.366673e+00	287.83	55.881552	4196	5.851e-02
235kHz_150dA_100Mss_bobN1NE5X0230.txt	308.92	18.34	346.14	6.53	57041.50	1086.11	2.383222e+05	3.435280e+01	6.366723e+00	287.21	55.916256	4196	5.876e-02
235kHz_150dA_100Mss_bobN1NE5X0231.txt	309.41	18.77	345.74	6.53	57041.50	1090.82	2.383222e+05	3.447878e+01	6.366731e+00	288.29	55.920492	4196	5.865e-02
235kHz_150dA_100Mss_bobN1NE5X0232.txt	309.92	19.23	346.35	6.52	57041.50	1093.94	2.383222e+05	3.456788e+01	6.367173e+00	290.56	56.217909	4196	5.882e-02
235kHz_150dA_100Mss_bobN1NE5X0233.txt	310.41	19.55	345.65	6.54	57041.50	1089.32	2.383222e+05	3.444703e+01	6.367831e+00	291.81	56.660593	4196	5.818e-02
235kHz_150dA_100Mss_bobN1NE5X0234.txt	310.92	19.85	344.26	6.48	57041.50	1089.47	2.383222e+05	3.445030e+01	6.365731e+00	284.61	55.248683	4196	5.885e-02
235kHz_150dA_100Mss_bobN1NE5X0235.txt	311.43	20.20	343.91	6.50	57041.50	1099.01	2.383222e+05	3.468358e+01	6.366015e+00	287.53	55.439770	4196	5.848e-02
235kHz_150dA_100Mss_bobN1NE5X0236.txt	311.93	20.55	343.41	6.52	57041.50	1089.67	2.383222e+05	3.443008e+01	6.366378e+00	286.67	55.683298	4196	5.823e-02
235kHz_150dA_100Mss_bobN1NE5X0237.txt	312.43	21.12	342.42	6.48	57041.50	1096.31	2.383222e+05	3.461122e+01	6.365374e+00	284.71	55.008237	4196	5.842e-02
235kHz_150dA_100Mss_bobN1NE5X0238.txt	312.95	21.74	343.83	6.43	57041.50	1093.71	2.383222e+05	3.456970e+01	6.365449e+00	284.63	55.059508	4196	5.890e-02
235kHz_150dA_100Mss_bobN1NE5X0239.txt	313.44	22.06	343.25	6.43	57041.50	1095.33	2.383222e+05	3.460901e+01	6.365535e+00	285.25	55.116684	4196	5.855e-02
235kHz_150dA_100Mss_bobN1NE5X0240.txt	313.96	22.38	342.43	6.46	57041.50	1098.36	2.383222e+05	3.466415e+01	6.365703e+00	286.28	55.229968	4196	5.838e-02
235kHz_150dA_100Mss_bobN1NE5X0241.txt	314.48	22.69	341.07	6.39	57041.50	1100.17	2.383222e+05	3.472168e+01	6.363936e+00	280.63	54.041451	4196	5.853e-02
235kHz_150dA_100Mss_bobN1NE5X0242.txt	315.0	23.00	340.79	6.42	57041.50	1092.31	2.383222e+05	3.449098e+01	6.364724e+00	281.48	54.571352	4196	5.842e-02
235kHz_150dA_100Mss_bobN1NE5X0243.txt	315.53	23.42	342.49	6.44	57041.50	1102.04	2.383222e+05	3.479214e+01	6.366282e+00	289.35	55.618888	4196	5.853e-02
235kHz_150dA_100Mss_bobN1NE5X0244.txt	316.03	23.82	340.71	6.46	57041.50	1092.84	2.383222e+05	3.450894e+01	6.366225e+00	286.80	55.579920	4196	5.804e-02
235kHz_150dA_100Mss_bobN1NE5X0245.txt	316.52	24.11	339.58	6.37	57041.50	1101.85	2.383222e+05	3.475119e+01	6.363707e+00	280.07	53.887775	4196	5.858e-02
235kHz_150dA_100Mss_bobN1NE5X0246.txt	317.02	24.42	338.65	6.39	57041.50	1095.21	2.383222e+05	3.456520e+01	6.364096e+00	279.92	54.148778	4196	5.801e-02
235kHz_150dA_100Mss_bobN1NE5X0247.txt	318.02	25.41	338.12	6.39	57041.50	1103.83	2.383222e+05	3.476749e+01	6.363953e+00	281.06	54.052718	4196	5.801e-02
235kHz_150dA_100Mss_bobN1NE5X0248.txt	318.52	25.71	337.01	6.33	57041.50	1102.83	2.383222e+05	3.477407e+01	6.362855e+00	277.30	53.315006	4196	5.859e-02
235kHz_150dA_100Mss_bobN1NE5X0249.txt	319.02	26.01	336.57	6.29	57041.50	1103.57	2.383222e+05	3.480556e+01	6.362142e+00	275.07	52.835865	4196	5.871e-02
235kHz_150dA_100Mss_bobN1NE5X0250.txt	319.54	26.32	335.67	6.29	57041.50	1102.48	2.383222e+05	3.477735e+01	6.362118e+00	274.77	52.819771	4196	5.848e-02
235kHz_150dA_100Mss_bobN1NE5X0251.txt	320.07	26.65	336.46	6.32	57041.50	1102.60	2.383222e+05	3.477056e+01	6.363386e+00	279.12	53.672133	4196	5.828e-02
235kHz_150dA_100Mss_bobN1NE5X0252.txt	320.58	27.01	335.43	6.31	57041.50	1104.20	2.383222e+05	3.480357e+01	6.362691e+00	276.97	53.205463	4196	5.842e-02
235kHz_150dA_100Mss_bobN1NE5X0253.txt	321.16	27.38	335.79	6.28	57041.50	1099.43	2.383222e+05	3.468972e+01	6.362614e+00	275.79	53.153637	4196	5.869e-02
235kHz_150dA_100Mss_bobN1NE5X0254.txt	321.66	27.63	335.10	6.29	57041.50	1105.28	2.383222e+05	3.483631e+01	6.362536e+00	276.69	53.101339	4196	5.822e-02
235kHz_150dA_100Mss_bobN1NE5X0255.txt	322.16	27.90	335.65	6.30	57041.50	1099.98	2.383222e+05	3.469370e+01	6.362998e+00	277.15	53.411157	4196	5.835e-02
235kHz_150dA_100Mss_bobN1NE5X0256.txt	322.66	28.20	335.47	6.29	57041.50	1101.81	2.383222e+05	3.475812e+01	6.363510e+00	279.45	53.755470	4196	5.844e-02
235kHz_150dA_100Mss_bobN1NE5X0257.txt	323.18	28.49	333.69	6.24	57041.50	1109.90	2.383222e+05	3.495793e+01	6.361418e+00	273.75	52.350118	4196	5.858e-02
235kHz_150dA_100Mss_bobN1NE5X0258.txt	323.69	28.74	334.61	6.27	57041.50	1112.86	2.383222e+05	3.504403e+01	6.362578e+00	278.48	53.128982	4196	5.841e-02
235kHz_150dA_100Mss_bobN1NE5X0259.txt	324.19	29.01	332.15	6.23	57041.50	1107.42	2.383222e+05	3.486698e+01	6.361281e+00	272.56	52.257460	4196	5.828e-02
235kHz_150dA_100Mss_bobN1NE5X0260.txt	324.71	29.33	333.07	6.21	57041.50	1108.59	2.383222e+05	3.493961e+01	6.361334e+00	273.31	52.292909	4196	5.882e-02
235kHz_150dA_100Mss_bobN1NE5X0261.txt	325.21	29.50	332.75	6.20	57041.50	1116.20	2.383222e+05	3.511960e+01	6.360904e+00	273.21	52.004171	4196	5.872e-02
235kHz_150dA_100Mss_bobN1NE5X0262.txt	325.72	29.50	331.64	6.17	57041.50	1128.19	2.383222e+05	3.542418e+01	6.360066e+00	272.61	51.441441	4196	5.885e-02
235kHz_150dA_100Mss_bobN1NE5X0263.txt	326.23	29.75	332.76	6.22	57041.50	1109.23	2.383222e+05	3.493905e+01	6.361938e+00	275.42	52.699029	4196	5.838e-02
235kHz_150dA_100Mss_bobN1NE5X0264.txt	326.76	30.34	329.38	6.16	57041.50	1107.34	2.383222e+05	3.484881e+01	6.359409e+00	265.90	50.999777	4196	5.849e-02
235kHz_150dA_100Mss_bobN1NE5X0265.txt	327.33	30.67	331.57	6.19	57041.50	1107.31	2.383222e+05	3.488508e+01	6.361492e+00	273.44	52.399970	4196	5.855e-02
235kHz_150dA_100Mss_bobN1NE5X0266.txt	328.66	31.20	329.58	6.16	57041.50	1116.20	2.383222e+05	3.509193e+01	6.360165e+00	270.41	51.508215	4196	5.853e-02
235kHz_150dA_100Mss_bobN1NE5X0267.txt	329.15	31.46	330.34	6.14	57041.50	1128.49	2.383222e+05	3.545280e+01	6.360052e+00	272.79	51.431925	4196	5.875e-02
235kHz_150dA_100Mss_bobN1NE5X0268.txt	329.65	31.66	329.95	6.14	57041.50	1124.06	2.383222e+05	3.533203e+01	6.360279e+00	272.66	51.583891	4196	5.871e-02
235kHz_150dA_100Mss_bobN1NE5X0269.txt	330.14	31.86	330.61	6.13	57041.50	1127.70	2.383222e+05	3.544914e+01	6.360311e+00	273.67	51.606006	4196	5.898e-02
