# Configuracion:
# Concentracion g/m^3_=_19900.0
# C_Vs_to_Am_M_A/Vsm_=_116720831517.84952
# pendiente_HvsI_1/m_=_3716.3
# ordenada_HvsI_A/m_=_1297.0
# frecuencia_ref_Hz_=_268334.34942587663
# 
Resultados:
# tau_s_=_(5.22+/-0.67)e+01
# dphi_rad_=_6.37+/-0.01
# SAR_W/g_=_315.05+/-51.71
# Hc_kA/m_=_7.02+/-0.83
# Mr_A/m_=_322.11+/-61.16
# Suceptibilidad_a_M=0_=_0.0514+/-0.0060
# t_hasta_1er_file_=_113.30
# Duracion_T_Fase_=_35.49
# 1er_file_T_Fase_=_265kHz_150dA_100Mss_bobN1NE5X0093.txt
# last_file_T_Fase_=_265kHz_150dA_100Mss_bobN1NE5X0158.txt

Nombre_archivo	Time_m_(s)	Temperatura_(ºC)	Mr_(A/m)	Hc_(kA/m)	Campo_max_(A/m)	Mag_max_(A/m)	f0	mag0	dphi0	SAR_(W/g)	Tau_(ns)	N	xi_M_0
265kHz_150dA_100Mss_bobN1NE5X0010.txt	113.3	-40.56	223.93	6.04	57041.50	1009.29	2.683363e+05	3.712930e+01	6.359783e+00	267.12	45.521728	4472	4.020e-02
265kHz_150dA_100Mss_bobN1NE5X0011.txt	114.15	-38.13	221.96	6.00	57041.50	994.66	2.683363e+05	3.666092e+01	6.359480e+00	262.71	45.341329	4472	4.016e-02
265kHz_150dA_100Mss_bobN1NE5X0012.txt	114.68	-36.49	220.27	5.94	57041.50	975.69	2.683363e+05	3.608897e+01	6.359421e+00	258.41	45.305846	4472	4.001e-02
265kHz_150dA_100Mss_bobN1NE5X0013.txt	115.19	-34.95	216.94	5.91	57041.50	970.93	2.683363e+05	3.588154e+01	6.358241e+00	252.95	44.602285	4472	3.953e-02
265kHz_150dA_100Mss_bobN1NE5X0014.txt	115.69	-33.50	215.22	5.84	57041.50	961.52	2.683363e+05	3.560660e+01	6.357631e+00	248.98	44.238400	4472	3.971e-02
265kHz_150dA_100Mss_bobN1NE5X0015.txt	116.19	-32.07	213.52	5.79	57041.50	959.05	2.683363e+05	3.551240e+01	6.356701e+00	245.22	43.683332	4472	3.974e-02
265kHz_150dA_100Mss_bobN1NE5X0016.txt	116.71	-30.61	212.53	5.71	57041.50	962.69	2.683363e+05	3.565039e+01	6.355303e+00	241.50	42.850150	4472	4.016e-02
265kHz_150dA_100Mss_bobN1NE5X0017.txt	117.23	-29.80	211.26	5.70	57041.50	947.34	2.683363e+05	3.515834e+01	6.356012e+00	240.51	43.272921	4472	3.994e-02
265kHz_150dA_100Mss_bobN1NE5X0018.txt	117.75	-29.80	207.91	5.64	57041.50	943.44	2.683363e+05	3.499053e+01	6.354272e+00	233.65	42.235365	4472	3.966e-02
265kHz_150dA_100Mss_bobN1NE5X0019.txt	118.74	-25.95	205.65	5.55	57041.50	944.48	2.683363e+05	3.504357e+01	6.352779e+00	229.10	41.345122	4472	3.968e-02
265kHz_150dA_100Mss_bobN1NE5X0020.txt	119.26	-24.60	202.61	5.49	57041.50	933.71	2.683363e+05	3.466118e+01	6.351070e+00	221.04	40.326476	4472	3.958e-02
265kHz_150dA_100Mss_bobN1NE5X0021.txt	119.77	-24.60	201.78	5.49	57041.50	926.43	2.683363e+05	3.444075e+01	6.351412e+00	220.74	40.530670	4472	3.933e-02
265kHz_150dA_100Mss_bobN1NE5X0022.txt	120.27	-23.98	203.28	5.47	57041.50	932.95	2.683363e+05	3.470461e+01	6.352354e+00	225.50	41.091831	4472	3.969e-02
265kHz_150dA_100Mss_bobN1NE5X0023.txt	120.77	-22.83	200.68	5.43	57041.50	925.71	2.683363e+05	3.443631e+01	6.350992e+00	219.36	40.280142	4472	3.964e-02
265kHz_150dA_100Mss_bobN1NE5X0024.txt	121.27	-21.73	201.03	5.39	57041.50	929.72	2.683363e+05	3.459178e+01	6.351092e+00	220.67	40.339821	4472	3.997e-02
265kHz_150dA_100Mss_bobN1NE5X0025.txt	121.78	-20.66	200.23	5.39	57041.50	925.75	2.683363e+05	3.445445e+01	6.351271e+00	220.37	40.446442	4472	3.970e-02
265kHz_150dA_100Mss_bobN1NE5X0026.txt	122.27	-19.66	199.04	5.41	57041.50	911.19	2.683363e+05	3.396516e+01	6.351715e+00	218.66	40.710940	4472	3.943e-02
265kHz_150dA_100Mss_bobN1NE5X0027.txt	122.78	-18.64	198.18	5.35	57041.50	907.80	2.683363e+05	3.387623e+01	6.350377e+00	213.84	39.914009	4472	3.975e-02
265kHz_150dA_100Mss_bobN1NE5X0028.txt	123.29	-17.45	196.73	5.34	57041.50	905.07	2.683363e+05	3.378234e+01	6.350630e+00	214.04	40.064690	4472	3.946e-02
265kHz_150dA_100Mss_bobN1NE5X0029.txt	123.81	-16.09	195.09	5.32	57041.50	909.09	2.683363e+05	3.386571e+01	6.349496e+00	210.97	39.388850	4472	3.920e-02
265kHz_150dA_100Mss_bobN1NE5X0030.txt	124.34	-15.06	193.86	5.26	57041.50	906.60	2.683363e+05	3.379441e+01	6.348035e+00	205.89	38.518756	4472	3.938e-02
265kHz_150dA_100Mss_bobN1NE5X0031.txt	124.85	-14.24	194.71	5.30	57041.50	903.52	2.683363e+05	3.370338e+01	6.349324e+00	209.42	39.286783	4472	3.931e-02
265kHz_150dA_100Mss_bobN1NE5X0032.txt	125.35	-13.51	192.82	5.22	57041.50	899.01	2.683363e+05	3.356568e+01	6.347760e+00	203.63	38.355016	4472	3.954e-02
265kHz_150dA_100Mss_bobN1NE5X0033.txt	125.87	-12.78	192.02	5.23	57041.50	900.58	2.683363e+05	3.358917e+01	6.347849e+00	204.06	38.408157	4472	3.927e-02
265kHz_150dA_100Mss_bobN1NE5X0034.txt	126.37	-12.16	190.57	5.19	57041.50	901.65	2.683363e+05	3.360979e+01	6.346273e+00	199.21	37.469632	4472	3.927e-02
265kHz_150dA_100Mss_bobN1NE5X0035.txt	126.87	-11.56	190.37	5.21	57041.50	894.76	2.683363e+05	3.339159e+01	6.346814e+00	199.61	37.791558	4472	3.921e-02
265kHz_150dA_100Mss_bobN1NE5X0036.txt	127.37	-10.92	192.31	5.24	57041.50	890.38	2.683363e+05	3.326336e+01	6.348462e+00	203.99	38.773296	4472	3.930e-02
265kHz_150dA_100Mss_bobN1NE5X0037.txt	127.88	-10.26	190.94	5.23	57041.50	892.44	2.683363e+05	3.330711e+01	6.347440e+00	201.07	38.164409	4472	3.905e-02
265kHz_150dA_100Mss_bobN1NE5X0038.txt	128.89	-8.77	191.11	5.23	57041.50	887.21	2.683363e+05	3.314190e+01	6.346650e+00	197.61	37.693806	4472	3.914e-02
265kHz_150dA_100Mss_bobN1NE5X0039.txt	129.4	-8.24	194.95	5.29	57041.50	896.17	2.683363e+05	3.347484e+01	6.348453e+00	205.26	38.767925	4472	3.951e-02
265kHz_150dA_100Mss_bobN1NE5X0040.txt	129.9	-7.79	194.64	5.27	57041.50	895.87	2.683363e+05	3.347184e+01	6.347106e+00	201.01	37.965190	4472	3.962e-02
265kHz_150dA_100Mss_bobN1NE5X0041.txt	130.39	-7.39	198.12	5.37	57041.50	894.93	2.683363e+05	3.345344e+01	6.349122e+00	207.23	39.166565	4472	3.965e-02
265kHz_150dA_100Mss_bobN1NE5X0042.txt	130.89	-6.99	200.81	5.44	57041.50	894.83	2.683363e+05	3.347898e+01	6.350323e+00	211.16	39.881964	4472	3.960e-02
265kHz_150dA_100Mss_bobN1NE5X0043.txt	131.42	-6.61	205.19	5.49	57041.50	907.55	2.683363e+05	3.393735e+01	6.351295e+00	217.14	40.461095	4472	4.011e-02
265kHz_150dA_100Mss_bobN1NE5X0044.txt	132.0	-6.20	207.07	5.54	57041.50	894.40	2.683363e+05	3.352466e+01	6.351022e+00	213.64	40.298398	4472	4.020e-02
265kHz_150dA_100Mss_bobN1NE5X0045.txt	132.51	-5.95	212.80	5.62	57041.50	904.67	2.683363e+05	3.394215e+01	6.352972e+00	222.51	41.460256	4472	4.083e-02
265kHz_150dA_100Mss_bobN1NE5X0046.txt	133.04	-5.68	215.78	5.72	57041.50	902.29	2.683363e+05	3.384684e+01	6.354031e+00	225.25	42.091958	4472	4.091e-02
265kHz_150dA_100Mss_bobN1NE5X0047.txt	133.55	-5.42	218.21	5.75	57041.50	910.27	2.683363e+05	3.411936e+01	6.353930e+00	226.74	42.031284	4472	4.083e-02
265kHz_150dA_100Mss_bobN1NE5X0048.txt	134.08	-5.18	220.35	5.79	57041.50	906.80	2.683363e+05	3.404879e+01	6.353375e+00	224.50	41.700589	4472	4.133e-02
265kHz_150dA_100Mss_bobN1NE5X0049.txt	134.6	-5.02	222.24	5.87	57041.50	912.37	2.683363e+05	3.421807e+01	6.353802e+00	226.98	41.955312	4472	4.116e-02
265kHz_150dA_100Mss_bobN1NE5X0050.txt	135.11	-4.84	227.16	5.90	57041.50	906.64	2.683363e+05	3.413292e+01	6.355221e+00	230.96	42.800904	4472	4.187e-02
265kHz_150dA_100Mss_bobN1NE5X0051.txt	135.63	-4.59	229.67	5.94	57041.50	921.42	2.683363e+05	3.460047e+01	6.354689e+00	232.40	42.483853	4472	4.209e-02
265kHz_150dA_100Mss_bobN1NE5X0052.txt	136.15	-4.34	233.67	6.01	57041.50	920.00	2.683363e+05	3.459221e+01	6.355944e+00	236.42	43.232310	4472	4.236e-02
265kHz_150dA_100Mss_bobN1NE5X0053.txt	136.67	-4.13	234.54	6.09	57041.50	905.18	2.683363e+05	3.410145e+01	6.356204e+00	233.89	43.387588	4472	4.217e-02
265kHz_150dA_100Mss_bobN1NE5X0054.txt	137.2	-3.92	237.79	6.13	57041.50	914.85	2.683363e+05	3.444357e+01	6.356541e+00	237.33	43.588369	4472	4.273e-02
265kHz_150dA_100Mss_bobN1NE5X0055.txt	137.72	-3.71	241.56	6.24	57041.50	908.26	2.683363e+05	3.423606e+01	6.358850e+00	243.31	44.965600	4472	4.263e-02
265kHz_150dA_100Mss_bobN1NE5X0056.txt	138.25	-3.50	245.65	6.23	57041.50	934.27	2.683363e+05	3.512137e+01	6.358466e+00	248.34	44.736669	4472	4.346e-02
265kHz_150dA_100Mss_bobN1NE5X0057.txt	139.28	-3.14	252.49	6.37	57041.50	933.79	2.683363e+05	3.515385e+01	6.360723e+00	256.00	46.083521	4472	4.391e-02
265kHz_150dA_100Mss_bobN1NE5X0058.txt	139.8	-3.04	253.49	6.45	57041.50	922.47	2.683363e+05	3.476122e+01	6.361114e+00	254.42	46.316369	4472	4.351e-02
265kHz_150dA_100Mss_bobN1NE5X0059.txt	140.3	-2.91	255.56	6.49	57041.50	919.02	2.683363e+05	3.467619e+01	6.361295e+00	254.38	46.424293	4472	4.363e-02
265kHz_150dA_100Mss_bobN1NE5X0060.txt	140.82	-2.75	259.91	6.53	57041.50	923.18	2.683363e+05	3.486260e+01	6.362077e+00	258.31	46.890966	4472	4.419e-02
265kHz_150dA_100Mss_bobN1NE5X0061.txt	141.35	-2.63	264.50	6.55	57041.50	926.01	2.683363e+05	3.501331e+01	6.362489e+00	260.77	47.136455	4472	4.491e-02
265kHz_150dA_100Mss_bobN1NE5X0062.txt	141.86	-2.53	268.98	6.56	57041.50	935.23	2.683363e+05	3.537892e+01	6.362963e+00	265.07	47.419660	4472	4.608e-02
265kHz_150dA_100Mss_bobN1NE5X0063.txt	142.37	-2.43	270.96	6.61	57041.50	935.80	2.683363e+05	3.539646e+01	6.363604e+00	267.33	47.802632	4472	4.604e-02
265kHz_150dA_100Mss_bobN1NE5X0064.txt	142.89	-2.32	274.07	6.64	57041.50	940.45	2.683363e+05	3.557498e+01	6.363360e+00	267.86	47.657026	4472	4.613e-02
265kHz_150dA_100Mss_bobN1NE5X0065.txt	143.41	-2.22	274.84	6.68	57041.50	936.76	2.683363e+05	3.541649e+01	6.362387e+00	263.44	47.076250	4472	4.637e-02
265kHz_150dA_100Mss_bobN1NE5X0066.txt	143.93	-2.11	277.72	6.77	57041.50	938.51	2.683363e+05	3.548491e+01	6.363647e+00	268.14	47.828482	4472	4.628e-02
265kHz_150dA_100Mss_bobN1NE5X0067.txt	144.44	-2.06	284.81	6.76	57041.50	946.86	2.683363e+05	3.588012e+01	6.365123e+00	276.09	48.709478	4472	4.773e-02
265kHz_150dA_100Mss_bobN1NE5X0068.txt	144.95	-2.01	285.70	6.81	57041.50	944.36	2.683363e+05	3.577199e+01	6.364177e+00	272.08	48.144179	4472	4.752e-02
265kHz_150dA_100Mss_bobN1NE5X0069.txt	145.47	-1.95	292.08	6.94	57041.50	951.34	2.683363e+05	3.602819e+01	6.366676e+00	282.47	49.636862	4472	4.771e-02
265kHz_150dA_100Mss_bobN1NE5X0070.txt	146.0	-1.90	299.40	6.96	57041.50	954.70	2.683363e+05	3.626107e+01	6.368702e+00	291.18	50.847257	4472	4.881e-02
265kHz_150dA_100Mss_bobN1NE5X0071.txt	146.51	-1.85	301.51	7.06	57041.50	951.91	2.683363e+05	3.612209e+01	6.368918e+00	290.79	50.976591	4472	4.907e-02
265kHz_150dA_100Mss_bobN1NE5X0072.txt	147.03	-1.80	306.36	7.04	57041.50	967.15	2.683363e+05	3.669447e+01	6.369197e+00	296.36	51.143378	4472	4.998e-02
265kHz_150dA_100Mss_bobN1NE5X0073.txt	147.56	-1.74	309.61	7.07	57041.50	975.02	2.683363e+05	3.696679e+01	6.368943e+00	297.68	50.991321	4472	5.030e-02
265kHz_150dA_100Mss_bobN1NE5X0074.txt	148.08	-1.69	311.89	7.17	57041.50	965.33	2.683363e+05	3.665284e+01	6.369827e+00	298.19	51.519821	4472	5.014e-02
265kHz_150dA_100Mss_bobN1NE5X0075.txt	148.6	-1.64	315.36	7.18	57041.50	968.98	2.683363e+05	3.680592e+01	6.369805e+00	299.35	51.506264	4472	5.067e-02
265kHz_150dA_100Mss_bobN1NE5X0076.txt	149.63	-1.54	325.29	7.35	57041.50	971.72	2.683363e+05	3.694872e+01	6.373471e+00	313.20	53.697944	4472	5.081e-02
265kHz_150dA_100Mss_bobN1NE5X0077.txt	150.14	-1.47	328.56	7.38	57041.50	966.27	2.683363e+05	3.682214e+01	6.374004e+00	313.96	54.016450	4472	5.155e-02
265kHz_150dA_100Mss_bobN1NE5X0078.txt	150.66	-1.37	333.58	7.46	57041.50	970.01	2.683363e+05	3.696806e+01	6.375736e+00	321.21	55.052995	4472	5.170e-02
265kHz_150dA_100Mss_bobN1NE5X0079.txt	151.18	-1.28	335.49	7.52	57041.50	980.64	2.683363e+05	3.728456e+01	6.375685e+00	323.77	55.022333	4472	5.173e-02
265kHz_150dA_100Mss_bobN1NE5X0080.txt	151.71	-1.23	338.97	7.47	57041.50	988.60	2.683363e+05	3.761297e+01	6.374518e+00	322.52	54.324466	4472	5.267e-02
265kHz_150dA_100Mss_bobN1NE5X0081.txt	152.23	-1.20	341.68	7.56	57041.50	974.25	2.683363e+05	3.714712e+01	6.376131e+00	324.13	55.289457	4472	5.249e-02
265kHz_150dA_100Mss_bobN1NE5X0082.txt	152.8	-1.20	345.04	7.57	57041.50	983.76	2.683363e+05	3.750948e+01	6.376354e+00	328.08	55.422274	4472	5.310e-02
265kHz_150dA_100Mss_bobN1NE5X0083.txt	153.31	-1.20	348.34	7.61	57041.50	988.12	2.683363e+05	3.765750e+01	6.376909e+00	331.33	55.755015	4472	5.320e-02
265kHz_150dA_100Mss_bobN1NE5X0084.txt	153.83	-1.20	352.88	7.62	57041.50	985.69	2.683363e+05	3.765880e+01	6.378265e+00	336.12	56.565869	4472	5.396e-02
265kHz_150dA_100Mss_bobN1NE5X0085.txt	154.34	-1.17	354.14	7.60	57041.50	1001.84	2.683363e+05	3.818023e+01	6.376248e+00	333.57	55.359542	4472	5.478e-02
265kHz_150dA_100Mss_bobN1NE5X0086.txt	154.86	-1.11	354.96	7.68	57041.50	989.44	2.683363e+05	3.776200e+01	6.377324e+00	333.71	56.003062	4472	5.444e-02
265kHz_150dA_100Mss_bobN1NE5X0087.txt	155.35	-1.10	358.29	7.72	57041.50	991.61	2.683363e+05	3.787139e+01	6.378884e+00	340.21	56.936978	4472	5.462e-02
265kHz_150dA_100Mss_bobN1NE5X0088.txt	155.86	-1.10	362.85	7.72	57041.50	992.47	2.683363e+05	3.793937e+01	6.379753e+00	343.91	57.457089	4472	5.554e-02
265kHz_150dA_100Mss_bobN1NE5X0089.txt	156.38	-1.06	362.94	7.77	57041.50	995.26	2.683363e+05	3.801306e+01	6.379872e+00	345.00	57.528196	4472	5.498e-02
265kHz_150dA_100Mss_bobN1NE5X0090.txt	156.9	-1.01	364.18	7.81	57041.50	1000.58	2.683363e+05	3.818122e+01	6.379807e+00	346.29	57.489237	4472	5.484e-02
265kHz_150dA_100Mss_bobN1NE5X0091.txt	157.43	-1.00	367.27	7.81	57041.50	993.86	2.683363e+05	3.802190e+01	6.380771e+00	348.28	58.066796	4472	5.552e-02
265kHz_150dA_100Mss_bobN1NE5X0092.txt	157.95	-1.00	370.35	7.78	57041.50	1009.06	2.683363e+05	3.853674e+01	6.380185e+00	350.88	57.715269	4472	5.613e-02
265kHz_150dA_100Mss_bobN1NE5X0093.txt	158.46	-0.95	372.15	7.88	57041.50	1003.16	2.683363e+05	3.834548e+01	6.382246e+00	356.53	58.949976	4472	5.591e-02
265kHz_150dA_100Mss_bobN1NE5X0094.txt	158.98	-0.90	372.29	7.84	57041.50	1008.09	2.683363e+05	3.850486e+01	6.380925e+00	353.26	58.158561	4472	5.593e-02
265kHz_150dA_100Mss_bobN1NE5X0095.txt	160.02	-1.00	375.19	7.85	57041.50	1019.86	2.683363e+05	3.890655e+01	6.380708e+00	356.15	58.029071	4472	5.654e-02
265kHz_150dA_100Mss_bobN1NE5X0096.txt	160.53	-0.95	376.34	7.94	57041.50	1013.09	2.683363e+05	3.867443e+01	6.382561e+00	360.73	59.138675	4472	5.586e-02
265kHz_150dA_100Mss_bobN1NE5X0097.txt	161.05	-0.90	378.47	7.94	57041.50	1007.71	2.683363e+05	3.854325e+01	6.383467e+00	362.77	59.681024	4472	5.627e-02
265kHz_150dA_100Mss_bobN1NE5X0098.txt	161.57	-0.90	378.50	7.98	57041.50	1008.22	2.683363e+05	3.855895e+01	6.383786e+00	364.07	59.872646	4472	5.587e-02
265kHz_150dA_100Mss_bobN1NE5X0099.txt	162.08	-0.89	379.65	8.00	57041.50	1012.91	2.683363e+05	3.869852e+01	6.384279e+00	367.17	60.167852	4472	5.638e-02
265kHz_150dA_100Mss_bobN1NE5X0100.txt	162.59	-0.84	380.90	8.03	57041.50	1015.40	2.683363e+05	3.878016e+01	6.384891e+00	370.17	60.534641	4472	5.615e-02
265kHz_150dA_100Mss_bobN1NE5X0101.txt	163.09	-0.81	381.76	8.02	57041.50	1011.08	2.683363e+05	3.864476e+01	6.384264e+00	366.61	60.159140	4472	5.647e-02
265kHz_150dA_100Mss_bobN1NE5X0102.txt	163.61	-0.86	382.21	7.95	57041.50	1023.93	2.683363e+05	3.909885e+01	6.382965e+00	366.17	59.380295	4472	5.712e-02
265kHz_150dA_100Mss_bobN1NE5X0103.txt	164.14	-0.89	383.30	8.03	57041.50	1016.10	2.683363e+05	3.882039e+01	6.384446e+00	368.94	60.267903	4472	5.676e-02
265kHz_150dA_100Mss_bobN1NE5X0104.txt	164.65	-0.83	384.15	7.95	57041.50	1018.41	2.683363e+05	3.894406e+01	6.383364e+00	366.17	59.619547	4472	5.681e-02
265kHz_150dA_100Mss_bobN1NE5X0105.txt	165.15	-0.80	385.36	7.97	57041.50	1023.95	2.683363e+05	3.913985e+01	6.383978e+00	370.26	59.987525	4472	5.702e-02
265kHz_150dA_100Mss_bobN1NE5X0106.txt	165.68	-0.80	385.57	8.06	57041.50	1019.42	2.683363e+05	3.896553e+01	6.385918e+00	375.68	61.149933	4472	5.668e-02
265kHz_150dA_100Mss_bobN1NE5X0107.txt	166.18	-0.80	384.37	8.09	57041.50	1014.96	2.683363e+05	3.879874e+01	6.385819e+00	373.72	61.091212	4472	5.638e-02
265kHz_150dA_100Mss_bobN1NE5X0108.txt	166.69	-0.80	384.98	8.07	57041.50	1021.38	2.683363e+05	3.901483e+01	6.385363e+00	374.13	60.817474	4472	5.599e-02
265kHz_150dA_100Mss_bobN1NE5X0109.txt	167.21	-0.80	385.08	8.05	57041.50	1022.88	2.683363e+05	3.906063e+01	6.384888e+00	372.84	60.533274	4472	5.677e-02
265kHz_150dA_100Mss_bobN1NE5X0110.txt	167.72	-0.80	386.83	8.00	57041.50	1021.95	2.683363e+05	3.909282e+01	6.384786e+00	372.77	60.471529	4472	5.735e-02
265kHz_150dA_100Mss_bobN1NE5X0111.txt	168.25	-0.80	386.63	8.00	57041.50	1029.52	2.683363e+05	3.933189e+01	6.384466e+00	373.87	60.279908	4472	5.728e-02
265kHz_150dA_100Mss_bobN1NE5X0112.txt	168.77	-0.80	387.18	8.00	57041.50	1036.00	2.683363e+05	3.953785e+01	6.384101e+00	374.48	60.060763	4472	5.733e-02
265kHz_150dA_100Mss_bobN1NE5X0113.txt	169.29	-0.80	384.62	8.03	57041.50	1029.39	2.683363e+05	3.928333e+01	6.383781e+00	370.89	59.869376	4472	5.659e-02
265kHz_150dA_100Mss_bobN1NE5X0114.txt	170.33	-0.77	385.87	8.02	57041.50	1029.92	2.683363e+05	3.932446e+01	6.383982e+00	372.02	59.989918	4472	5.642e-02
265kHz_150dA_100Mss_bobN1NE5X0115.txt	170.85	-0.72	385.89	8.05	57041.50	1028.02	2.683363e+05	3.926380e+01	6.385120e+00	375.63	60.672076	4472	5.655e-02
265kHz_150dA_100Mss_bobN1NE5X0116.txt	171.36	-0.66	385.50	8.02	57041.50	1027.08	2.683363e+05	3.922011e+01	6.384547e+00	373.11	60.328669	4472	5.670e-02
265kHz_150dA_100Mss_bobN1NE5X0117.txt	171.87	-0.61	384.91	8.04	57041.50	1026.16	2.683363e+05	3.917200e+01	6.384594e+00	372.82	60.356701	4472	5.645e-02
265kHz_150dA_100Mss_bobN1NE5X0118.txt	172.36	-0.64	385.65	8.02	57041.50	1039.41	2.683363e+05	3.961917e+01	6.384649e+00	377.28	60.389386	4472	5.616e-02
265kHz_150dA_100Mss_bobN1NE5X0119.txt	172.86	-0.69	385.20	8.05	57041.50	1028.66	2.683363e+05	3.927160e+01	6.385392e+00	376.70	60.835127	4472	5.636e-02
265kHz_150dA_100Mss_bobN1NE5X0120.txt	173.36	-0.66	384.70	8.00	57041.50	1031.04	2.683363e+05	3.937077e+01	6.384373e+00	373.90	60.224497	4472	5.609e-02
265kHz_150dA_100Mss_bobN1NE5X0121.txt	173.93	-0.61	383.67	8.01	57041.50	1023.87	2.683363e+05	3.910017e+01	6.384283e+00	371.00	60.170477	4472	5.589e-02
265kHz_150dA_100Mss_bobN1NE5X0122.txt	174.43	-0.60	383.98	7.99	57041.50	1023.83	2.683363e+05	3.912270e+01	6.384632e+00	372.49	60.379393	4472	5.643e-02
265kHz_150dA_100Mss_bobN1NE5X0123.txt	174.93	-0.60	384.03	8.05	57041.50	1025.78	2.683363e+05	3.915932e+01	6.385781e+00	377.05	61.068375	4472	5.601e-02
265kHz_150dA_100Mss_bobN1NE5X0124.txt	175.45	-0.60	382.56	7.97	57041.50	1028.64	2.683363e+05	3.925853e+01	6.384018e+00	371.53	60.011553	4472	5.629e-02
265kHz_150dA_100Mss_bobN1NE5X0125.txt	175.95	-0.60	382.17	7.96	57041.50	1033.80	2.683363e+05	3.944643e+01	6.383960e+00	373.09	59.976925	4472	5.578e-02
265kHz_150dA_100Mss_bobN1NE5X0126.txt	176.47	-0.60	381.36	7.97	57041.50	1033.05	2.683363e+05	3.938548e+01	6.383562e+00	371.05	59.738141	4472	5.615e-02
265kHz_150dA_100Mss_bobN1NE5X0127.txt	176.97	-0.60	382.00	7.93	57041.50	1030.71	2.683363e+05	3.933563e+01	6.383638e+00	370.86	59.783860	4472	5.583e-02
265kHz_150dA_100Mss_bobN1NE5X0128.txt	177.48	-0.60	382.83	7.90	57041.50	1037.91	2.683363e+05	3.960441e+01	6.383593e+00	373.23	59.756950	4472	5.627e-02
265kHz_150dA_100Mss_bobN1NE5X0129.txt	177.98	-0.60	382.82	7.90	57041.50	1030.84	2.683363e+05	3.938102e+01	6.383940e+00	372.40	59.965187	4472	5.638e-02
265kHz_150dA_100Mss_bobN1NE5X0130.txt	178.48	-0.60	380.50	7.87	57041.50	1033.19	2.683363e+05	3.942121e+01	6.382608e+00	367.87	59.167186	4472	5.609e-02
265kHz_150dA_100Mss_bobN1NE5X0131.txt	178.99	-0.60	377.79	7.93	57041.50	1030.47	2.683363e+05	3.926158e+01	6.382934e+00	367.58	59.362420	4472	5.515e-02
265kHz_150dA_100Mss_bobN1NE5X0132.txt	179.49	-0.60	378.85	7.96	57041.50	1018.39	2.683363e+05	3.890580e+01	6.384934e+00	371.53	60.560571	4472	5.511e-02
265kHz_150dA_100Mss_bobN1NE5X0133.txt	180.52	-0.60	378.40	7.92	57041.50	1021.13	2.683363e+05	3.900535e+01	6.384647e+00	371.43	60.389108	4472	5.528e-02
265kHz_150dA_100Mss_bobN1NE5X0134.txt	181.03	-0.60	376.32	7.88	57041.50	1025.64	2.683363e+05	3.913006e+01	6.383615e+00	368.84	59.770155	4472	5.546e-02
265kHz_150dA_100Mss_bobN1NE5X0135.txt	181.55	-0.60	375.49	7.90	57041.50	1021.37	2.683363e+05	3.896445e+01	6.384073e+00	368.95	60.044755	4472	5.527e-02
265kHz_150dA_100Mss_bobN1NE5X0136.txt	182.07	-0.60	376.23	7.90	57041.50	1027.33	2.683363e+05	3.915999e+01	6.384620e+00	372.80	60.372319	4472	5.477e-02
265kHz_150dA_100Mss_bobN1NE5X0137.txt	182.6	-0.60	374.06	7.87	57041.50	1024.49	2.683363e+05	3.904747e+01	6.383688e+00	368.33	59.813969	4472	5.486e-02
265kHz_150dA_100Mss_bobN1NE5X0138.txt	183.12	-0.60	375.47	7.83	57041.50	1033.15	2.683363e+05	3.937049e+01	6.383214e+00	369.63	59.530240	4472	5.525e-02
265kHz_150dA_100Mss_bobN1NE5X0139.txt	183.6	-0.60	373.10	7.80	57041.50	1031.12	2.683363e+05	3.927501e+01	6.382236e+00	365.14	58.943969	4472	5.497e-02
265kHz_150dA_100Mss_bobN1NE5X0140.txt	184.11	-0.60	372.91	7.87	57041.50	1020.78	2.683363e+05	3.892401e+01	6.383953e+00	368.13	59.972593	4472	5.454e-02
265kHz_150dA_100Mss_bobN1NE5X0141.txt	184.61	-0.60	372.31	7.85	57041.50	1021.24	2.683363e+05	3.892013e+01	6.383473e+00	366.34	59.685423	4472	5.450e-02
265kHz_150dA_100Mss_bobN1NE5X0142.txt	185.11	-0.60	371.31	7.83	57041.50	1023.62	2.683363e+05	3.899641e+01	6.383183e+00	366.00	59.511652	4472	5.428e-02
265kHz_150dA_100Mss_bobN1NE5X0143.txt	185.62	-0.60	371.02	7.73	57041.50	1027.63	2.683363e+05	3.916394e+01	6.381443e+00	361.20	58.468853	4472	5.515e-02
265kHz_150dA_100Mss_bobN1NE5X0144.txt	186.12	-0.59	368.87	7.80	57041.50	1014.66	2.683363e+05	3.871134e+01	6.382394e+00	360.47	59.038546	4472	5.425e-02
265kHz_150dA_100Mss_bobN1NE5X0145.txt	186.64	-0.54	369.96	7.72	57041.50	1021.91	2.683363e+05	3.897232e+01	6.381285e+00	358.86	58.374661	4472	5.516e-02
265kHz_150dA_100Mss_bobN1NE5X0146.txt	187.15	-0.52	367.88	7.76	57041.50	1023.42	2.683363e+05	3.898439e+01	6.381938e+00	361.35	58.765406	4472	5.443e-02
265kHz_150dA_100Mss_bobN1NE5X0147.txt	187.64	-0.56	367.09	7.78	57041.50	1019.60	2.683363e+05	3.883314e+01	6.382581e+00	362.28	59.150933	4472	5.405e-02
265kHz_150dA_100Mss_bobN1NE5X0148.txt	188.17	-0.60	365.45	7.72	57041.50	1012.54	2.683363e+05	3.859347e+01	6.381386e+00	355.73	58.435029	4472	5.435e-02
265kHz_150dA_100Mss_bobN1NE5X0149.txt	188.69	-0.60	364.64	7.71	57041.50	1018.67	2.683363e+05	3.879629e+01	6.381228e+00	357.03	58.340545	4472	5.425e-02
265kHz_150dA_100Mss_bobN1NE5X0150.txt	189.2	-0.60	366.55	7.68	57041.50	1032.81	2.683363e+05	3.928311e+01	6.381081e+00	360.97	58.252756	4472	5.433e-02
265kHz_150dA_100Mss_bobN1NE5X0151.txt	189.72	-0.60	364.09	7.73	57041.50	1009.10	2.683363e+05	3.847180e+01	6.382226e+00	357.63	58.937951	4472	5.383e-02
265kHz_150dA_100Mss_bobN1NE5X0152.txt	190.76	-0.52	361.98	7.73	57041.50	1020.43	2.683363e+05	3.879557e+01	6.380980e+00	356.12	58.191461	4472	5.321e-02
265kHz_150dA_100Mss_bobN1NE5X0153.txt	191.29	-0.53	363.81	7.68	57041.50	1017.48	2.683363e+05	3.875823e+01	6.381363e+00	357.17	58.421528	4472	5.383e-02
265kHz_150dA_100Mss_bobN1NE5X0154.txt	191.79	-0.58	363.16	7.57	57041.50	1026.13	2.683363e+05	3.907140e+01	6.378703e+00	350.33	56.828530	4472	5.499e-02
265kHz_150dA_100Mss_bobN1NE5X0155.txt	192.32	-0.60	361.99	7.70	57041.50	1013.80	2.683363e+05	3.861215e+01	6.381889e+00	357.72	58.736166	4472	5.368e-02
265kHz_150dA_100Mss_bobN1NE5X0156.txt	192.84	-0.60	361.06	7.63	57041.50	1016.82	2.683363e+05	3.871486e+01	6.380679e+00	354.29	58.011431	4472	5.375e-02
265kHz_150dA_100Mss_bobN1NE5X0157.txt	193.36	-0.60	359.19	7.65	57041.50	1013.39	2.683363e+05	3.858268e+01	6.380845e+00	353.68	58.111045	4472	5.326e-02
265kHz_150dA_100Mss_bobN1NE5X0158.txt	193.95	-0.60	359.76	7.55	57041.50	1019.71	2.683363e+05	3.882939e+01	6.378927e+00	348.97	56.962094	4472	5.411e-02
265kHz_150dA_100Mss_bobN1NE5X0159.txt	194.45	-0.51	358.70	7.68	57041.50	1015.87	2.683363e+05	3.862622e+01	6.381181e+00	355.29	58.311903	4472	5.291e-02
265kHz_150dA_100Mss_bobN1NE5X0160.txt	194.96	-0.41	357.45	7.59	57041.50	1012.04	2.683363e+05	3.851976e+01	6.379363e+00	347.76	57.223722	4472	5.333e-02
265kHz_150dA_100Mss_bobN1NE5X0161.txt	195.46	-0.08	356.75	7.60	57041.50	1014.51	2.683363e+05	3.859275e+01	6.379322e+00	348.27	57.199050	4472	5.311e-02
265kHz_150dA_100Mss_bobN1NE5X0162.txt	195.96	0.27	357.35	7.58	57041.50	1009.86	2.683363e+05	3.846207e+01	6.379657e+00	348.30	57.399574	4472	5.345e-02
265kHz_150dA_100Mss_bobN1NE5X0163.txt	196.48	0.59	357.65	7.49	57041.50	1024.16	2.683363e+05	3.894463e+01	6.377688e+00	345.49	56.221220	4472	5.418e-02
265kHz_150dA_100Mss_bobN1NE5X0164.txt	196.99	0.89	357.80	7.58	57041.50	1008.63	2.683363e+05	3.843177e+01	6.380387e+00	350.65	57.836783	4472	5.366e-02
265kHz_150dA_100Mss_bobN1NE5X0165.txt	197.52	1.21	354.30	7.56	57041.50	1010.08	2.683363e+05	3.843117e+01	6.378866e+00	345.17	56.925907	4472	5.304e-02
265kHz_150dA_100Mss_bobN1NE5X0166.txt	198.03	1.55	356.45	7.46	57041.50	1033.25	2.683363e+05	3.921177e+01	6.377305e+00	346.46	55.991745	4472	5.414e-02
265kHz_150dA_100Mss_bobN1NE5X0167.txt	198.55	2.38	355.02	7.53	57041.50	1013.62	2.683363e+05	3.856332e+01	6.379150e+00	347.39	57.095668	4472	5.366e-02
265kHz_150dA_100Mss_bobN1NE5X0168.txt	199.07	3.10	353.83	7.48	57041.50	1014.50	2.683363e+05	3.859226e+01	6.377524e+00	341.77	56.122946	4472	5.357e-02
265kHz_150dA_100Mss_bobN1NE5X0169.txt	199.6	3.10	354.33	7.49	57041.50	1016.86	2.683363e+05	3.866707e+01	6.378833e+00	347.18	56.906503	4472	5.368e-02
265kHz_150dA_100Mss_bobN1NE5X0170.txt	200.12	3.34	352.91	7.44	57041.50	1018.21	2.683363e+05	3.870014e+01	6.377181e+00	341.49	55.917270	4472	5.362e-02
265kHz_150dA_100Mss_bobN1NE5X0171.txt	201.17	5.34	351.16	7.45	57041.50	1023.11	2.683363e+05	3.881026e+01	6.376721e+00	340.79	55.642617	4472	5.311e-02
265kHz_150dA_100Mss_bobN1NE5X0172.txt	201.67	6.04	351.17	7.43	57041.50	1017.38	2.683363e+05	3.865616e+01	6.376771e+00	339.62	55.672101	4472	5.334e-02
265kHz_150dA_100Mss_bobN1NE5X0173.txt	202.18	6.59	349.96	7.45	57041.50	1015.39	2.683363e+05	3.857476e+01	6.377162e+00	340.31	55.906405	4472	5.298e-02
265kHz_150dA_100Mss_bobN1NE5X0174.txt	202.7	6.85	351.87	7.32	57041.50	1043.54	2.683363e+05	3.955211e+01	6.374853e+00	340.38	54.524360	4472	5.444e-02
265kHz_150dA_100Mss_bobN1NE5X0175.txt	203.2	7.10	350.97	7.43	57041.50	1015.31	2.683363e+05	3.859610e+01	6.377426e+00	341.46	56.064138	4472	5.343e-02
265kHz_150dA_100Mss_bobN1NE5X0176.txt	203.71	7.36	350.44	7.43	57041.50	1016.87	2.683363e+05	3.861710e+01	6.376842e+00	339.53	55.714887	4472	5.337e-02
265kHz_150dA_100Mss_bobN1NE5X0177.txt	204.22	7.63	350.83	7.30	57041.50	1029.40	2.683363e+05	3.908969e+01	6.374971e+00	336.84	54.595231	4472	5.453e-02
265kHz_150dA_100Mss_bobN1NE5X0178.txt	204.73	7.94	350.88	7.36	57041.50	1026.37	2.683363e+05	3.897496e+01	6.376404e+00	341.08	55.452594	4472	5.373e-02
265kHz_150dA_100Mss_bobN1NE5X0179.txt	205.24	8.17	349.90	7.35	57041.50	1021.47	2.683363e+05	3.879924e+01	6.375911e+00	337.75	55.157874	4472	5.389e-02
265kHz_150dA_100Mss_bobN1NE5X0180.txt	205.74	8.32	348.77	7.38	57041.50	1023.04	2.683363e+05	3.882341e+01	6.376109e+00	338.68	55.275774	4472	5.333e-02
265kHz_150dA_100Mss_bobN1NE5X0181.txt	206.26	8.58	348.86	7.42	57041.50	1030.04	2.683363e+05	3.903282e+01	6.377015e+00	343.82	55.818112	4472	5.293e-02
265kHz_150dA_100Mss_bobN1NE5X0182.txt	206.77	8.94	348.71	7.35	57041.50	1019.05	2.683363e+05	3.870445e+01	6.376037e+00	337.38	55.233425	4472	5.347e-02
265kHz_150dA_100Mss_bobN1NE5X0183.txt	207.29	9.42	346.60	7.27	57041.50	1032.08	2.683363e+05	3.912474e+01	6.373761e+00	332.71	53.871242	4472	5.383e-02
265kHz_150dA_100Mss_bobN1NE5X0184.txt	207.79	9.97	348.02	7.32	57041.50	1025.97	2.683363e+05	3.892175e+01	6.375630e+00	337.79	54.989239	4472	5.357e-02
265kHz_150dA_100Mss_bobN1NE5X0185.txt	208.31	9.98	346.20	7.27	57041.50	1025.42	2.683363e+05	3.889168e+01	6.374215e+00	332.38	54.142810	4472	5.380e-02
265kHz_150dA_100Mss_bobN1NE5X0186.txt	208.82	9.63	346.02	7.32	57041.50	1025.31	2.683363e+05	3.887350e+01	6.375292e+00	336.14	54.787589	4472	5.321e-02
265kHz_150dA_100Mss_bobN1NE5X0187.txt	209.34	10.32	343.83	7.26	57041.50	1018.75	2.683363e+05	3.865722e+01	6.373492e+00	327.76	53.711029	4472	5.341e-02
265kHz_150dA_100Mss_bobN1NE5X0188.txt	209.84	11.52	345.17	7.26	57041.50	1023.80	2.683363e+05	3.885122e+01	6.374486e+00	333.02	54.305274	4472	5.359e-02
265kHz_150dA_100Mss_bobN1NE5X0189.txt	210.35	12.46	344.01	7.31	57041.50	1021.48	2.683363e+05	3.873375e+01	6.375190e+00	334.57	54.726580	4472	5.299e-02
265kHz_150dA_100Mss_bobN1NE5X0190.txt	211.35	13.92	345.72	7.17	57041.50	1028.81	2.683363e+05	3.905071e+01	6.373371e+00	330.65	53.638495	4472	5.454e-02
265kHz_150dA_100Mss_bobN1NE5X0191.txt	211.88	14.56	346.48	7.21	57041.50	1032.14	2.683363e+05	3.913394e+01	6.374586e+00	335.81	54.364937	4472	5.415e-02
265kHz_150dA_100Mss_bobN1NE5X0192.txt	212.38	15.27	344.73	7.22	57041.50	1026.55	2.683363e+05	3.892644e+01	6.374253e+00	332.82	54.166077	4472	5.394e-02
265kHz_150dA_100Mss_bobN1NE5X0193.txt	212.94	16.11	344.75	7.22	57041.50	1028.95	2.683363e+05	3.901706e+01	6.374643e+00	335.01	54.399010	4472	5.392e-02
265kHz_150dA_100Mss_bobN1NE5X0194.txt	213.48	16.73	344.80	7.23	57041.50	1029.54	2.683363e+05	3.903001e+01	6.374835e+00	335.83	54.514340	4472	5.360e-02
265kHz_150dA_100Mss_bobN1NE5X0195.txt	214.0	17.30	343.28	7.18	57041.50	1032.96	2.683363e+05	3.914174e+01	6.373411e+00	331.57	53.662177	4472	5.379e-02
265kHz_150dA_100Mss_bobN1NE5X0196.txt	214.52	17.77	343.63	7.19	57041.50	1028.67	2.683363e+05	3.901015e+01	6.374066e+00	332.85	54.054220	4472	5.393e-02
265kHz_150dA_100Mss_bobN1NE5X0197.txt	215.1	18.27	342.37	7.15	57041.50	1031.99	2.683363e+05	3.909816e+01	6.372961e+00	329.55	53.393465	4472	5.404e-02
265kHz_150dA_100Mss_bobN1NE5X0198.txt	215.6	18.62	340.78	7.14	57041.50	1020.66	2.683363e+05	3.872134e+01	6.372320e+00	324.05	53.009762	4472	5.383e-02
265kHz_150dA_100Mss_bobN1NE5X0199.txt	216.09	18.92	341.75	7.15	57041.50	1026.66	2.683363e+05	3.894219e+01	6.373364e+00	329.71	53.634428	4472	5.371e-02
265kHz_150dA_100Mss_bobN1NE5X0200.txt	216.61	19.02	340.50	7.13	57041.50	1024.46	2.683363e+05	3.885075e+01	6.372234e+00	324.82	52.958837	4472	5.383e-02
265kHz_150dA_100Mss_bobN1NE5X0201.txt	217.12	19.12	340.68	7.14	57041.50	1029.20	2.683363e+05	3.899208e+01	6.372705e+00	327.73	53.240492	4472	5.371e-02
265kHz_150dA_100Mss_bobN1NE5X0202.txt	217.64	19.23	341.58	7.04	57041.50	1041.38	2.683363e+05	3.943018e+01	6.370740e+00	324.15	52.065495	4472	5.433e-02
265kHz_150dA_100Mss_bobN1NE5X0203.txt	218.15	19.45	342.28	7.11	57041.50	1038.27	2.683363e+05	3.932053e+01	6.372992e+00	331.54	53.412107	4472	5.386e-02
265kHz_150dA_100Mss_bobN1NE5X0204.txt	218.67	19.97	343.00	7.10	57041.50	1038.45	2.683363e+05	3.934514e+01	6.373142e+00	332.30	53.501156	4472	5.438e-02
265kHz_150dA_100Mss_bobN1NE5X0205.txt	219.17	20.49	341.45	7.06	57041.50	1041.59	2.683363e+05	3.943768e+01	6.372113e+00	329.28	52.886364	4472	5.426e-02
265kHz_150dA_100Mss_bobN1NE5X0206.txt	219.69	21.06	340.32	7.08	57041.50	1033.32	2.683363e+05	3.915608e+01	6.371889e+00	326.11	52.752783	4472	5.405e-02
265kHz_150dA_100Mss_bobN1NE5X0207.txt	220.19	21.53	340.56	7.06	57041.50	1036.87	2.683363e+05	3.927632e+01	6.371681e+00	326.35	52.627886	4472	5.433e-02
265kHz_150dA_100Mss_bobN1NE5X0208.txt	220.7	21.89	341.80	7.02	57041.50	1050.06	2.683363e+05	3.974875e+01	6.371557e+00	329.81	52.553557	4472	5.481e-02
265kHz_150dA_100Mss_bobN1NE5X0209.txt	221.72	22.10	338.25	7.11	57041.50	1033.18	2.683363e+05	3.910620e+01	6.372357e+00	327.41	53.032574	4472	5.336e-02
265kHz_150dA_100Mss_bobN1NE5X0210.txt	222.23	22.03	339.35	7.03	57041.50	1039.48	2.683363e+05	3.935623e+01	6.371052e+00	324.69	52.252077	4472	5.416e-02
265kHz_150dA_100Mss_bobN1NE5X0211.txt	222.74	21.88	338.56	7.05	57041.50	1043.59	2.683363e+05	3.946641e+01	6.371209e+00	326.18	52.346019	4472	5.392e-02
265kHz_150dA_100Mss_bobN1NE5X0212.txt	223.24	22.02	337.39	6.97	57041.50	1043.02	2.683363e+05	3.947679e+01	6.369756e+00	320.90	51.477601	4472	5.401e-02
265kHz_150dA_100Mss_bobN1NE5X0213.txt	223.74	22.47	339.97	6.98	57041.50	1057.09	2.683363e+05	3.994016e+01	6.370351e+00	326.89	51.832820	4472	5.438e-02
265kHz_150dA_100Mss_bobN1NE5X0214.txt	224.25	22.82	338.75	6.99	57041.50	1052.14	2.683363e+05	3.977452e+01	6.370340e+00	325.49	51.826248	4472	5.399e-02
265kHz_150dA_100Mss_bobN1NE5X0215.txt	224.75	23.08	338.82	6.95	57041.50	1056.22	2.683363e+05	3.990643e+01	6.370030e+00	325.41	51.641295	4472	5.432e-02
265kHz_150dA_100Mss_bobN1NE5X0216.txt	225.25	23.50	338.92	6.94	57041.50	1055.99	2.683363e+05	3.991686e+01	6.369479e+00	323.44	51.312154	4472	5.447e-02
265kHz_150dA_100Mss_bobN1NE5X0217.txt	225.77	24.12	339.55	6.93	57041.50	1052.52	2.683363e+05	3.982645e+01	6.369796e+00	323.89	51.500865	4472	5.489e-02
265kHz_150dA_100Mss_bobN1NE5X0218.txt	226.28	24.54	339.65	6.93	57041.50	1055.31	2.683363e+05	3.991105e+01	6.369639e+00	323.99	51.407734	4472	5.460e-02
265kHz_150dA_100Mss_bobN1NE5X0219.txt	226.78	24.79	339.88	6.92	57041.50	1055.55	2.683363e+05	3.994422e+01	6.370184e+00	326.30	51.733163	4472	5.471e-02
265kHz_150dA_100Mss_bobN1NE5X0220.txt	227.27	24.93	339.96	6.92	57041.50	1054.12	2.683363e+05	3.990416e+01	6.370620e+00	327.60	51.993888	4472	5.478e-02
265kHz_150dA_100Mss_bobN1NE5X0221.txt	227.77	24.98	336.54	6.87	57041.50	1052.21	2.683363e+05	3.979098e+01	6.368218e+00	317.72	50.558297	4472	5.472e-02
265kHz_150dA_100Mss_bobN1NE5X0222.txt	228.27	25.00	338.10	6.84	57041.50	1062.51	2.683363e+05	4.016350e+01	6.368234e+00	320.75	50.567948	4472	5.524e-02
265kHz_150dA_100Mss_bobN1NE5X0223.txt	228.76	25.00	336.41	6.87	57041.50	1051.00	2.683363e+05	3.975377e+01	6.368485e+00	318.42	50.717973	4472	5.454e-02
265kHz_150dA_100Mss_bobN1NE5X0224.txt	229.27	24.32	337.70	6.84	57041.50	1056.31	2.683363e+05	3.997244e+01	6.368231e+00	319.22	50.566106	4472	5.515e-02
265kHz_150dA_100Mss_bobN1NE5X0225.txt	229.76	23.10	337.92	6.87	57041.50	1054.66	2.683363e+05	3.991314e+01	6.368876e+00	321.15	50.951587	4472	5.489e-02
265kHz_150dA_100Mss_bobN1NE5X0226.txt	230.25	23.28	336.39	6.91	57041.50	1054.00	2.683363e+05	3.985060e+01	6.369475e+00	322.88	51.309206	4472	5.410e-02
265kHz_150dA_100Mss_bobN1NE5X0227.txt	230.74	24.79	337.34	6.86	57041.50	1062.85	2.683363e+05	4.014752e+01	6.368303e+00	320.88	50.608664	4472	5.470e-02
265kHz_150dA_100Mss_bobN1NE5X0228.txt	231.77	25.99	337.01	6.82	57041.50	1068.11	2.683363e+05	4.034695e+01	6.367260e+00	318.54	49.986095	4472	5.518e-02
265kHz_150dA_100Mss_bobN1NE5X0229.txt	232.27	26.26	338.58	6.78	57041.50	1070.54	2.683363e+05	4.047852e+01	6.367535e+00	320.62	50.150330	4472	5.571e-02
265kHz_150dA_100Mss_bobN1NE5X0230.txt	232.78	26.57	338.01	6.77	57041.50	1082.26	2.683363e+05	4.083216e+01	6.366320e+00	318.77	49.424762	4472	5.560e-02
265kHz_150dA_100Mss_bobN1NE5X0231.txt	233.28	26.84	338.75	6.79	57041.50	1078.00	2.683363e+05	4.070483e+01	6.367639e+00	322.81	50.212560	4472	5.558e-02
265kHz_150dA_100Mss_bobN1NE5X0232.txt	233.8	27.10	338.85	6.77	57041.50	1074.97	2.683363e+05	4.063132e+01	6.367203e+00	320.56	49.952031	4472	5.540e-02
265kHz_150dA_100Mss_bobN1NE5X0233.txt	234.35	26.89	339.57	6.80	57041.50	1085.60	2.683363e+05	4.096078e+01	6.367469e+00	324.18	50.110669	4472	5.547e-02
265kHz_150dA_100Mss_bobN1NE5X0234.txt	234.84	26.44	341.55	6.76	57041.50	1089.92	2.683363e+05	4.115300e+01	6.367550e+00	326.02	50.159366	4472	5.626e-02
265kHz_150dA_100Mss_bobN1NE5X0235.txt	235.34	26.37	340.13	6.74	57041.50	1099.16	2.683363e+05	4.141225e+01	6.366187e+00	322.78	49.345269	4472	5.616e-02
265kHz_150dA_100Mss_bobN1NE5X0236.txt	235.84	26.47	341.15	6.78	57041.50	1089.65	2.683363e+05	4.113643e+01	6.368287e+00	328.73	50.599599	4472	5.592e-02
265kHz_150dA_100Mss_bobN1NE5X0237.txt	236.36	26.75	341.05	6.75	57041.50	1085.64	2.683363e+05	4.102007e+01	6.367995e+00	326.68	50.425099	4472	5.629e-02
265kHz_150dA_100Mss_bobN1NE5X0238.txt	236.86	27.10	340.92	6.72	57041.50	1101.35	2.683363e+05	4.151571e+01	6.366902e+00	326.37	49.771793	4472	5.640e-02
265kHz_150dA_100Mss_bobN1NE5X0239.txt	237.37	27.72	339.23	6.72	57041.50	1095.16	2.683363e+05	4.128142e+01	6.366681e+00	323.67	49.640014	4472	5.582e-02
265kHz_150dA_100Mss_bobN1NE5X0240.txt	237.86	28.40	337.02	6.69	57041.50	1092.61	2.683363e+05	4.116621e+01	6.365513e+00	318.27	48.942607	4472	5.605e-02
265kHz_150dA_100Mss_bobN1NE5X0241.txt	238.38	28.68	337.37	6.66	57041.50	1092.29	2.683363e+05	4.118521e+01	6.365389e+00	317.94	48.868970	4472	5.610e-02
265kHz_150dA_100Mss_bobN1NE5X0242.txt	238.88	28.78	336.81	6.70	57041.50	1085.85	2.683363e+05	4.096411e+01	6.365983e+00	318.51	49.223234	4472	5.582e-02
265kHz_150dA_100Mss_bobN1NE5X0243.txt	239.84	29.05	335.37	6.64	57041.50	1094.84	2.683363e+05	4.125773e+01	6.364483e+00	314.99	48.327196	4472	5.583e-02
265kHz_150dA_100Mss_bobN1NE5X0244.txt	240.36	29.21	334.95	6.65	57041.50	1083.72	2.683363e+05	4.089762e+01	6.365260e+00	315.22	48.791726	4472	5.591e-02
265kHz_150dA_100Mss_bobN1NE5X0245.txt	240.88	29.36	335.53	6.60	57041.50	1090.90	2.683363e+05	4.116430e+01	6.364244e+00	313.36	48.185082	4472	5.615e-02
265kHz_150dA_100Mss_bobN1NE5X0246.txt	241.39	29.67	333.39	6.58	57041.50	1099.97	2.683363e+05	4.141027e+01	6.363262e+00	311.42	47.598499	4472	5.594e-02
265kHz_150dA_100Mss_bobN1NE5X0247.txt	242.4	30.58	331.74	6.58	57041.50	1090.28	2.683363e+05	4.108515e+01	6.363407e+00	309.53	47.685164	4472	5.564e-02
265kHz_150dA_100Mss_bobN1NE5X0248.txt	242.9	31.18	332.84	6.59	57041.50	1093.33	2.683363e+05	4.118980e+01	6.363907e+00	312.25	47.983757	4472	5.570e-02
265kHz_150dA_100Mss_bobN1NE5X0249.txt	243.41	31.46	333.07	6.59	57041.50	1090.16	2.683363e+05	4.111567e+01	6.364902e+00	315.52	48.577917	4472	5.594e-02
265kHz_150dA_100Mss_bobN1NE5X0250.txt	243.98	31.69	333.67	6.56	57041.50	1101.92	2.683363e+05	4.149855e+01	6.363954e+00	314.77	48.011633	4472	5.630e-02
265kHz_150dA_100Mss_bobN1NE5X0251.txt	244.46	31.93	330.87	6.55	57041.50	1094.19	2.683363e+05	4.121277e+01	6.363236e+00	309.83	47.583376	4472	5.573e-02
265kHz_150dA_100Mss_bobN1NE5X0252.txt	244.96	32.18	332.90	6.54	57041.50	1100.81	2.683363e+05	4.146985e+01	6.363704e+00	313.58	47.862229	4472	5.623e-02
265kHz_150dA_100Mss_bobN1NE5X0253.txt	245.46	32.52	331.88	6.52	57041.50	1097.23	2.683363e+05	4.136526e+01	6.363265e+00	311.09	47.600473	4472	5.633e-02
265kHz_150dA_100Mss_bobN1NE5X0254.txt	245.95	32.86	330.99	6.51	57041.50	1100.75	2.683363e+05	4.147172e+01	6.363421e+00	312.50	47.693920	4472	5.596e-02
