# Configuracion:
# Concentracion g/m^3_=_19900.0
# C_Vs_to_Am_M_A/Vsm_=_116720831517.84952
# pendiente_HvsI_1/m_=_3716.3
# ordenada_HvsI_A/m_=_1297.0
# frecuencia_ref_Hz_=_268343.75863349007
# 
Resultados:
# tau_s_=_(5.23+/-0.71)e+01
# dphi_rad_=_6.37+/-0.01
# SAR_W/g_=_300.85+/-51.44
# Hc_kA/m_=_6.87+/-0.90
# Mr_A/m_=_310.91+/-60.21
# Suceptibilidad_a_M=0_=_0.0505+/-0.0056
# t_hasta_1er_file_=_156.45
# Duracion_T_Fase_=_40.51
# 1er_file_T_Fase_=_265kHz_150dA_100Mss_bobN1NE5X0087.txt
# last_file_T_Fase_=_265kHz_150dA_100Mss_bobN1NE5X0162.txt

Nombre_archivo	Time_m_(s)	Temperatura_(ºC)	Mr_(A/m)	Hc_(kA/m)	Campo_max_(A/m)	Mag_max_(A/m)	f0	mag0	dphi0	SAR_(W/g)	Tau_(ns)	N	xi_M_0
265kHz_150dA_100Mss_bobN1NE5X0010.txt	156.45	-38.61	205.05	5.51	57041.50	956.09	2.683363e+05	3.534619e+01	6.355680e+00	240.69	43.074384	4472	3.998e-02
265kHz_150dA_100Mss_bobN1NE5X0011.txt	156.95	-37.06	203.37	5.54	57041.50	938.13	2.683363e+05	3.471833e+01	6.357001e+00	240.72	43.861515	4472	3.917e-02
265kHz_150dA_100Mss_bobN1NE5X0012.txt	157.45	-35.46	199.25	5.38	57041.50	942.02	2.683363e+05	3.483263e+01	6.353309e+00	229.45	41.660523	4472	3.951e-02
265kHz_150dA_100Mss_bobN1NE5X0013.txt	157.96	-33.83	199.36	5.38	57041.50	928.12	2.683363e+05	3.441686e+01	6.354144e+00	229.41	42.158294	4472	3.974e-02
265kHz_150dA_100Mss_bobN1NE5X0014.txt	158.46	-32.96	195.22	5.37	57041.50	915.18	2.683363e+05	3.392348e+01	6.353422e+00	223.82	41.727842	4472	3.880e-02
265kHz_150dA_100Mss_bobN1NE5X0015.txt	158.98	-32.13	194.23	5.25	57041.50	915.86	2.683363e+05	3.399105e+01	6.351488e+00	218.10	40.575221	4472	3.961e-02
265kHz_150dA_100Mss_bobN1NE5X0016.txt	159.49	-30.53	195.53	5.28	57041.50	901.38	2.683363e+05	3.358460e+01	6.354021e+00	223.47	42.085453	4472	3.961e-02
265kHz_150dA_100Mss_bobN1NE5X0017.txt	160.01	-28.87	191.50	5.21	57041.50	916.30	2.683363e+05	3.397739e+01	6.351244e+00	217.24	40.429811	4472	3.902e-02
265kHz_150dA_100Mss_bobN1NE5X0018.txt	160.52	-27.50	190.15	5.19	57041.50	889.85	2.683363e+05	3.315057e+01	6.351283e+00	212.07	40.453453	4472	3.896e-02
265kHz_150dA_100Mss_bobN1NE5X0019.txt	161.54	-24.15	188.89	5.14	57041.50	881.19	2.683363e+05	3.291136e+01	6.351580e+00	211.46	40.630049	4472	3.904e-02
265kHz_150dA_100Mss_bobN1NE5X0020.txt	162.05	-22.40	185.70	5.05	57041.50	883.88	2.683363e+05	3.295116e+01	6.348224e+00	201.34	38.630863	4472	3.904e-02
265kHz_150dA_100Mss_bobN1NE5X0021.txt	162.55	-22.40	184.23	5.03	57041.50	878.66	2.683363e+05	3.275680e+01	6.347789e+00	198.82	38.371680	4472	3.887e-02
265kHz_150dA_100Mss_bobN1NE5X0022.txt	163.05	-22.19	185.60	5.05	57041.50	881.47	2.683363e+05	3.290153e+01	6.349659e+00	205.47	39.485506	4472	3.910e-02
265kHz_150dA_100Mss_bobN1NE5X0023.txt	163.56	-20.05	183.91	4.99	57041.50	889.98	2.683363e+05	3.315848e+01	6.348003e+00	201.92	38.499083	4472	3.914e-02
265kHz_150dA_100Mss_bobN1NE5X0024.txt	164.06	-18.10	181.89	4.94	57041.50	888.44	2.683363e+05	3.308147e+01	6.346339e+00	196.28	37.507677	4472	3.909e-02
265kHz_150dA_100Mss_bobN1NE5X0025.txt	164.57	-17.23	181.37	4.94	57041.50	883.04	2.683363e+05	3.289061e+01	6.346638e+00	196.08	37.686263	4472	3.903e-02
265kHz_150dA_100Mss_bobN1NE5X0026.txt	165.08	-16.36	179.52	4.97	57041.50	855.33	2.683363e+05	3.198959e+01	6.347417e+00	193.04	38.149976	4472	3.831e-02
265kHz_150dA_100Mss_bobN1NE5X0027.txt	165.58	-15.51	180.01	4.95	57041.50	858.87	2.683363e+05	3.212966e+01	6.347137e+00	193.04	37.983215	4472	3.864e-02
265kHz_150dA_100Mss_bobN1NE5X0028.txt	166.1	-14.66	179.13	4.93	57041.50	859.47	2.683363e+05	3.213095e+01	6.346649e+00	191.58	37.692803	4472	3.855e-02
265kHz_150dA_100Mss_bobN1NE5X0029.txt	166.62	-13.93	177.91	4.91	57041.50	855.58	2.683363e+05	3.198882e+01	6.345793e+00	188.16	37.182793	4472	3.840e-02
265kHz_150dA_100Mss_bobN1NE5X0030.txt	167.12	-13.32	176.86	4.88	57041.50	857.81	2.683363e+05	3.204855e+01	6.344283e+00	183.97	36.283391	4472	3.845e-02
265kHz_150dA_100Mss_bobN1NE5X0031.txt	167.62	-12.97	178.09	4.91	57041.50	851.00	2.683363e+05	3.187862e+01	6.346457e+00	189.50	37.578102	4472	3.848e-02
265kHz_150dA_100Mss_bobN1NE5X0032.txt	168.21	-12.47	177.51	4.94	57041.50	851.25	2.683363e+05	3.182681e+01	6.345682e+00	186.88	37.116872	4472	3.808e-02
265kHz_150dA_100Mss_bobN1NE5X0033.txt	168.71	-11.92	178.53	4.94	57041.50	848.74	2.683363e+05	3.177878e+01	6.346409e+00	188.77	37.549562	4472	3.821e-02
265kHz_150dA_100Mss_bobN1NE5X0034.txt	169.22	-11.38	179.76	4.95	57041.50	848.61	2.683363e+05	3.179796e+01	6.346634e+00	189.55	37.683630	4472	3.850e-02
265kHz_150dA_100Mss_bobN1NE5X0035.txt	169.73	-10.87	179.33	4.95	57041.50	845.56	2.683363e+05	3.170959e+01	6.346229e+00	187.82	37.442650	4472	3.858e-02
265kHz_150dA_100Mss_bobN1NE5X0036.txt	170.24	-10.34	180.12	4.95	57041.50	846.37	2.683363e+05	3.172685e+01	6.345646e+00	186.19	37.095607	4472	3.865e-02
265kHz_150dA_100Mss_bobN1NE5X0037.txt	170.75	-9.78	181.64	4.96	57041.50	851.47	2.683363e+05	3.192060e+01	6.345752e+00	187.64	37.158316	4472	3.878e-02
265kHz_150dA_100Mss_bobN1NE5X0038.txt	171.76	-8.82	185.09	5.04	57041.50	858.29	2.683363e+05	3.215502e+01	6.346154e+00	190.23	37.397796	4472	3.899e-02
265kHz_150dA_100Mss_bobN1NE5X0039.txt	172.28	-8.29	187.70	5.10	57041.50	851.60	2.683363e+05	3.196319e+01	6.347461e+00	193.02	38.176193	4472	3.911e-02
265kHz_150dA_100Mss_bobN1NE5X0040.txt	172.78	-7.74	190.25	5.19	57041.50	841.73	2.683363e+05	3.168621e+01	6.349564e+00	197.59	39.428829	4472	3.911e-02
265kHz_150dA_100Mss_bobN1NE5X0041.txt	173.3	-7.32	192.26	5.25	57041.50	844.61	2.683363e+05	3.177737e+01	6.349652e+00	198.42	39.481168	4472	3.911e-02
265kHz_150dA_100Mss_bobN1NE5X0042.txt	173.81	-7.01	196.41	5.21	57041.50	867.77	2.683363e+05	3.260197e+01	6.348302e+00	199.45	38.677159	4472	4.040e-02
265kHz_150dA_100Mss_bobN1NE5X0043.txt	174.32	-6.71	198.85	5.29	57041.50	873.14	2.683363e+05	3.276843e+01	6.348848e+00	202.14	39.002085	4472	4.016e-02
265kHz_150dA_100Mss_bobN1NE5X0044.txt	174.82	-6.41	203.80	5.38	57041.50	864.84	2.683363e+05	3.256116e+01	6.351091e+00	207.71	40.338802	4472	4.071e-02
265kHz_150dA_100Mss_bobN1NE5X0045.txt	175.33	-6.10	207.19	5.42	57041.50	868.69	2.683363e+05	3.274398e+01	6.351816e+00	211.11	40.770540	4472	4.101e-02
265kHz_150dA_100Mss_bobN1NE5X0046.txt	175.84	-5.80	209.91	5.50	57041.50	866.14	2.683363e+05	3.266670e+01	6.352263e+00	211.98	41.037386	4472	4.094e-02
265kHz_150dA_100Mss_bobN1NE5X0047.txt	176.35	-5.60	211.54	5.53	57041.50	866.61	2.683363e+05	3.267518e+01	6.350978e+00	208.10	40.271443	4472	4.105e-02
265kHz_150dA_100Mss_bobN1NE5X0048.txt	176.87	-5.44	215.38	5.56	57041.50	876.46	2.683363e+05	3.301942e+01	6.351043e+00	210.49	40.310363	4472	4.171e-02
265kHz_150dA_100Mss_bobN1NE5X0049.txt	177.39	-5.21	218.49	5.65	57041.50	873.95	2.683363e+05	3.295339e+01	6.352391e+00	214.24	41.113630	4472	4.165e-02
265kHz_150dA_100Mss_bobN1NE5X0050.txt	177.9	-4.95	222.20	5.69	57041.50	875.73	2.683363e+05	3.307002e+01	6.352608e+00	215.67	41.242718	4472	4.215e-02
265kHz_150dA_100Mss_bobN1NE5X0051.txt	178.42	-4.73	225.38	5.77	57041.50	878.29	2.683363e+05	3.316910e+01	6.353352e+00	218.63	41.686337	4472	4.256e-02
265kHz_150dA_100Mss_bobN1NE5X0052.txt	178.91	-4.54	231.73	5.81	57041.50	889.47	2.683363e+05	3.361421e+01	6.354978e+00	226.69	42.655551	4472	4.362e-02
265kHz_150dA_100Mss_bobN1NE5X0053.txt	179.41	-4.34	233.67	5.92	57041.50	877.54	2.683363e+05	3.321287e+01	6.356207e+00	227.81	43.388051	4472	4.304e-02
265kHz_150dA_100Mss_bobN1NE5X0054.txt	179.91	-4.14	237.71	5.98	57041.50	879.97	2.683363e+05	3.332425e+01	6.356905e+00	230.75	43.804437	4472	4.355e-02
265kHz_150dA_100Mss_bobN1NE5X0055.txt	180.4	-3.98	240.85	6.05	57041.50	883.88	2.683363e+05	3.345776e+01	6.357596e+00	233.84	44.216674	4472	4.366e-02
265kHz_150dA_100Mss_bobN1NE5X0056.txt	180.91	-3.83	245.45	6.14	57041.50	876.79	2.683363e+05	3.327392e+01	6.359331e+00	237.97	45.251881	4472	4.426e-02
265kHz_150dA_100Mss_bobN1NE5X0057.txt	181.93	-3.43	254.82	6.27	57041.50	884.63	2.683363e+05	3.361243e+01	6.361684e+00	247.81	46.655766	4472	4.494e-02
265kHz_150dA_100Mss_bobN1NE5X0058.txt	182.44	-3.31	257.45	6.25	57041.50	889.40	2.683363e+05	3.379157e+01	6.359820e+00	243.22	45.543282	4472	4.590e-02
265kHz_150dA_100Mss_bobN1NE5X0059.txt	182.93	-3.21	260.68	6.32	57041.50	890.72	2.683363e+05	3.383452e+01	6.360036e+00	244.21	45.672027	4472	4.621e-02
265kHz_150dA_100Mss_bobN1NE5X0060.txt	183.44	-3.07	266.38	6.43	57041.50	891.82	2.683363e+05	3.391185e+01	6.363001e+00	254.20	47.441222	4472	4.622e-02
265kHz_150dA_100Mss_bobN1NE5X0061.txt	183.95	-2.92	268.80	6.43	57041.50	901.92	2.683363e+05	3.424531e+01	6.360785e+00	249.58	46.118893	4472	4.680e-02
265kHz_150dA_100Mss_bobN1NE5X0062.txt	184.47	-2.90	276.12	6.57	57041.50	896.55	2.683363e+05	3.413687e+01	6.364038e+00	259.20	48.060798	4472	4.709e-02
265kHz_150dA_100Mss_bobN1NE5X0063.txt	184.98	-2.90	280.07	6.53	57041.50	907.49	2.683363e+05	3.453759e+01	6.361984e+00	255.60	46.834836	4472	4.841e-02
265kHz_150dA_100Mss_bobN1NE5X0064.txt	185.51	-2.75	284.90	6.72	57041.50	908.26	2.683363e+05	3.457365e+01	6.365961e+00	268.75	49.209187	4472	4.816e-02
265kHz_150dA_100Mss_bobN1NE5X0065.txt	186.02	-2.60	288.50	6.71	57041.50	907.00	2.683363e+05	3.455445e+01	6.365069e+00	265.71	48.676390	4472	4.907e-02
265kHz_150dA_100Mss_bobN1NE5X0066.txt	186.53	-2.49	294.28	6.81	57041.50	909.63	2.683363e+05	3.469941e+01	6.367611e+00	275.09	50.194585	4472	4.922e-02
265kHz_150dA_100Mss_bobN1NE5X0067.txt	187.04	-2.39	296.43	6.85	57041.50	909.50	2.683363e+05	3.469031e+01	6.367205e+00	273.70	49.951945	4472	4.940e-02
265kHz_150dA_100Mss_bobN1NE5X0068.txt	187.62	-2.28	301.35	7.03	57041.50	906.47	2.683363e+05	3.460003e+01	6.370248e+00	282.85	51.770291	4472	4.950e-02
265kHz_150dA_100Mss_bobN1NE5X0069.txt	188.13	-2.17	305.60	6.98	57041.50	913.03	2.683363e+05	3.486384e+01	6.369012e+00	280.97	51.031592	4472	5.017e-02
265kHz_150dA_100Mss_bobN1NE5X0070.txt	188.65	-2.07	309.10	7.11	57041.50	913.62	2.683363e+05	3.490812e+01	6.371434e+00	289.24	52.479043	4472	5.047e-02
265kHz_150dA_100Mss_bobN1NE5X0071.txt	189.16	-1.97	313.22	7.14	57041.50	918.37	2.683363e+05	3.509102e+01	6.371882e+00	292.23	52.747070	4472	5.097e-02
265kHz_150dA_100Mss_bobN1NE5X0072.txt	189.68	-1.86	315.50	7.19	57041.50	913.74	2.683363e+05	3.495077e+01	6.372047e+00	291.60	52.845554	4472	5.103e-02
265kHz_150dA_100Mss_bobN1NE5X0073.txt	190.18	-1.78	321.04	7.24	57041.50	928.76	2.683363e+05	3.548963e+01	6.373814e+00	301.97	53.902251	4472	5.160e-02
265kHz_150dA_100Mss_bobN1NE5X0074.txt	190.69	-1.73	321.58	7.23	57041.50	923.50	2.683363e+05	3.532875e+01	6.372699e+00	296.92	53.235339	4472	5.178e-02
265kHz_150dA_100Mss_bobN1NE5X0075.txt	191.2	-1.68	325.62	7.37	57041.50	925.61	2.683363e+05	3.538995e+01	6.375429e+00	306.47	54.868090	4472	5.141e-02
265kHz_150dA_100Mss_bobN1NE5X0076.txt	192.21	-1.56	332.08	7.42	57041.50	928.45	2.683363e+05	3.556205e+01	6.376814e+00	312.57	55.696393	4472	5.226e-02
265kHz_150dA_100Mss_bobN1NE5X0077.txt	192.72	-1.46	334.19	7.41	57041.50	939.30	2.683363e+05	3.591474e+01	6.375697e+00	311.92	55.028140	4472	5.268e-02
265kHz_150dA_100Mss_bobN1NE5X0078.txt	193.25	-1.38	337.36	7.45	57041.50	940.52	2.683363e+05	3.597964e+01	6.376632e+00	315.63	55.587462	4472	5.287e-02
265kHz_150dA_100Mss_bobN1NE5X0079.txt	193.76	-1.32	338.31	7.50	57041.50	933.98	2.683363e+05	3.575511e+01	6.376768e+00	314.12	55.669538	4472	5.296e-02
265kHz_150dA_100Mss_bobN1NE5X0080.txt	194.59	-1.24	341.70	7.56	57041.50	938.62	2.683363e+05	3.594457e+01	6.378628e+00	322.04	56.782365	4472	5.324e-02
265kHz_150dA_100Mss_bobN1NE5X0081.txt	195.09	-1.19	344.22	7.56	57041.50	939.33	2.683363e+05	3.600030e+01	6.377602e+00	319.08	56.168668	4472	5.365e-02
265kHz_150dA_100Mss_bobN1NE5X0082.txt	195.59	-1.14	346.83	7.54	57041.50	945.93	2.683363e+05	3.624184e+01	6.377440e+00	320.67	56.071155	4472	5.390e-02
265kHz_150dA_100Mss_bobN1NE5X0083.txt	196.1	-1.09	350.31	7.60	57041.50	942.47	2.683363e+05	3.616403e+01	6.379551e+00	327.13	57.335139	4472	5.415e-02
265kHz_150dA_100Mss_bobN1NE5X0084.txt	196.61	-1.04	352.46	7.66	57041.50	948.19	2.683363e+05	3.634697e+01	6.380837e+00	333.16	58.104592	4472	5.382e-02
265kHz_150dA_100Mss_bobN1NE5X0085.txt	197.11	-1.00	353.52	7.67	57041.50	950.50	2.683363e+05	3.643027e+01	6.381023e+00	334.56	58.216140	4472	5.423e-02
265kHz_150dA_100Mss_bobN1NE5X0086.txt	197.63	-1.00	355.46	7.63	57041.50	955.23	2.683363e+05	3.660854e+01	6.379805e+00	332.02	57.487435	4472	5.460e-02
265kHz_150dA_100Mss_bobN1NE5X0087.txt	198.13	-0.99	356.17	7.72	57041.50	947.90	2.683363e+05	3.636400e+01	6.381562e+00	335.78	58.539370	4472	5.439e-02
265kHz_150dA_100Mss_bobN1NE5X0088.txt	198.65	-0.93	357.83	7.81	57041.50	948.06	2.683363e+05	3.636531e+01	6.383909e+00	343.78	59.945666	4472	5.381e-02
265kHz_150dA_100Mss_bobN1NE5X0089.txt	199.16	-0.88	358.65	7.80	57041.50	953.70	2.683363e+05	3.654647e+01	6.383023e+00	342.46	59.414477	4472	5.408e-02
265kHz_150dA_100Mss_bobN1NE5X0090.txt	199.67	-0.83	362.68	7.81	57041.50	945.08	2.683363e+05	3.633814e+01	6.385355e+00	348.44	60.811142	4472	5.479e-02
265kHz_150dA_100Mss_bobN1NE5X0091.txt	200.18	-0.82	361.39	7.79	57041.50	953.47	2.683363e+05	3.658997e+01	6.383583e+00	344.79	59.749657	4472	5.461e-02
265kHz_150dA_100Mss_bobN1NE5X0092.txt	200.71	-0.87	361.33	7.83	57041.50	953.38	2.683363e+05	3.654330e+01	6.383661e+00	344.61	59.796534	4472	5.419e-02
265kHz_150dA_100Mss_bobN1NE5X0093.txt	201.21	-0.88	362.75	7.81	57041.50	960.55	2.683363e+05	3.681858e+01	6.383401e+00	346.31	59.640349	4472	5.468e-02
265kHz_150dA_100Mss_bobN1NE5X0094.txt	201.72	-0.83	365.10	7.84	57041.50	954.62	2.683363e+05	3.665316e+01	6.384920e+00	349.96	60.550421	4472	5.465e-02
265kHz_150dA_100Mss_bobN1NE5X0095.txt	202.74	-0.80	365.39	7.84	57041.50	962.53	2.683363e+05	3.689366e+01	6.383347e+00	346.83	59.608493	4472	5.492e-02
265kHz_150dA_100Mss_bobN1NE5X0096.txt	203.25	-0.78	366.46	7.87	57041.50	961.22	2.683363e+05	3.688177e+01	6.384692e+00	351.36	60.414427	4472	5.461e-02
265kHz_150dA_100Mss_bobN1NE5X0097.txt	203.76	-0.72	367.20	7.84	57041.50	960.54	2.683363e+05	3.687144e+01	6.384078e+00	349.15	60.046479	4472	5.507e-02
265kHz_150dA_100Mss_bobN1NE5X0098.txt	204.28	-0.73	367.62	7.92	57041.50	956.37	2.683363e+05	3.672650e+01	6.385835e+00	353.81	61.099376	4472	5.494e-02
265kHz_150dA_100Mss_bobN1NE5X0099.txt	204.8	-0.78	367.19	7.86	57041.50	972.61	2.683363e+05	3.724668e+01	6.384055e+00	352.62	60.032082	4472	5.477e-02
265kHz_150dA_100Mss_bobN1NE5X0100.txt	205.32	-0.77	368.71	7.91	57041.50	963.84	2.683363e+05	3.697892e+01	6.386155e+00	357.35	61.291087	4472	5.457e-02
265kHz_150dA_100Mss_bobN1NE5X0101.txt	205.84	-0.72	367.32	7.94	57041.50	965.32	2.683363e+05	3.698624e+01	6.385610e+00	355.53	60.964204	4472	5.461e-02
265kHz_150dA_100Mss_bobN1NE5X0102.txt	206.36	-0.70	367.90	7.87	57041.50	964.15	2.683363e+05	3.698044e+01	6.384461e+00	351.50	60.275651	4472	5.520e-02
265kHz_150dA_100Mss_bobN1NE5X0103.txt	206.86	-0.70	370.01	7.87	57041.50	961.14	2.683363e+05	3.693159e+01	6.386119e+00	356.77	61.269584	4472	5.514e-02
265kHz_150dA_100Mss_bobN1NE5X0104.txt	207.45	-0.66	368.56	7.88	57041.50	963.15	2.683363e+05	3.695331e+01	6.385252e+00	353.98	60.749970	4472	5.473e-02
265kHz_150dA_100Mss_bobN1NE5X0105.txt	207.94	-0.61	367.31	7.89	57041.50	963.30	2.683363e+05	3.694280e+01	6.385057e+00	353.21	60.633637	4472	5.426e-02
265kHz_150dA_100Mss_bobN1NE5X0106.txt	208.46	-0.60	367.16	7.84	57041.50	974.78	2.683363e+05	3.732876e+01	6.383936e+00	352.98	59.961531	4472	5.457e-02
265kHz_150dA_100Mss_bobN1NE5X0107.txt	208.96	-0.60	367.79	7.83	57041.50	971.81	2.683363e+05	3.724490e+01	6.384079e+00	352.69	60.047195	4472	5.487e-02
265kHz_150dA_100Mss_bobN1NE5X0108.txt	209.48	-0.60	366.15	7.90	57041.50	962.23	2.683363e+05	3.690285e+01	6.385139e+00	353.10	60.681696	4472	5.403e-02
265kHz_150dA_100Mss_bobN1NE5X0109.txt	210.0	-0.60	367.15	7.81	57041.50	974.91	2.683363e+05	3.735433e+01	6.383728e+00	352.50	59.836513	4472	5.479e-02
265kHz_150dA_100Mss_bobN1NE5X0110.txt	210.5	-0.65	365.95	7.86	57041.50	976.28	2.683363e+05	3.735336e+01	6.383859e+00	352.94	59.914798	4472	5.462e-02
265kHz_150dA_100Mss_bobN1NE5X0111.txt	211.0	-0.70	366.74	7.85	57041.50	967.99	2.683363e+05	3.709903e+01	6.384670e+00	353.36	60.401456	4472	5.445e-02
265kHz_150dA_100Mss_bobN1NE5X0112.txt	211.5	-0.65	366.90	7.86	57041.50	972.58	2.683363e+05	3.724127e+01	6.384604e+00	354.48	60.361603	4472	5.437e-02
265kHz_150dA_100Mss_bobN1NE5X0113.txt	211.99	-0.60	365.61	7.84	57041.50	971.62	2.683363e+05	3.721429e+01	6.384350e+00	353.34	60.209311	4472	5.419e-02
265kHz_150dA_100Mss_bobN1NE5X0114.txt	212.98	-0.60	368.00	7.86	57041.50	973.99	2.683363e+05	3.733099e+01	6.386508e+00	361.98	61.502411	4472	5.434e-02
265kHz_150dA_100Mss_bobN1NE5X0115.txt	213.49	-0.60	364.08	7.82	57041.50	961.97	2.683363e+05	3.689744e+01	6.383798e+00	348.43	59.878439	4472	5.406e-02
265kHz_150dA_100Mss_bobN1NE5X0116.txt	214.0	-0.60	364.95	7.83	57041.50	971.02	2.683363e+05	3.720257e+01	6.384729e+00	354.55	60.436100	4472	5.413e-02
265kHz_150dA_100Mss_bobN1NE5X0117.txt	214.51	-0.60	363.15	7.79	57041.50	973.02	2.683363e+05	3.724633e+01	6.383037e+00	349.07	59.422323	4472	5.414e-02
265kHz_150dA_100Mss_bobN1NE5X0118.txt	215.02	-0.60	362.69	7.85	57041.50	965.71	2.683363e+05	3.698583e+01	6.384618e+00	352.10	60.369780	4472	5.349e-02
265kHz_150dA_100Mss_bobN1NE5X0119.txt	215.52	-0.60	363.52	7.84	57041.50	967.36	2.683363e+05	3.705897e+01	6.385306e+00	355.18	60.781841	4472	5.372e-02
265kHz_150dA_100Mss_bobN1NE5X0120.txt	216.04	-0.60	362.18	7.84	57041.50	972.54	2.683363e+05	3.719366e+01	6.384753e+00	354.55	60.450816	4472	5.341e-02
265kHz_150dA_100Mss_bobN1NE5X0121.txt	216.54	-0.60	361.85	7.77	57041.50	978.97	2.683363e+05	3.743495e+01	6.383489e+00	352.42	59.693640	4472	5.382e-02
265kHz_150dA_100Mss_bobN1NE5X0122.txt	217.06	-0.60	362.46	7.70	57041.50	972.44	2.683363e+05	3.725091e+01	6.382779e+00	348.21	59.268253	4472	5.452e-02
265kHz_150dA_100Mss_bobN1NE5X0123.txt	217.58	-0.60	359.30	7.76	57041.50	964.24	2.683363e+05	3.690634e+01	6.383299e+00	346.79	59.579606	4472	5.357e-02
265kHz_150dA_100Mss_bobN1NE5X0124.txt	218.09	-0.60	360.53	7.75	57041.50	975.11	2.683363e+05	3.728952e+01	6.383366e+00	350.62	59.619367	4472	5.382e-02
265kHz_150dA_100Mss_bobN1NE5X0125.txt	218.62	-0.60	358.74	7.70	57041.50	973.67	2.683363e+05	3.724524e+01	6.382173e+00	346.05	58.904990	4472	5.357e-02
265kHz_150dA_100Mss_bobN1NE5X0126.txt	219.12	-0.61	359.09	7.75	57041.50	969.81	2.683363e+05	3.712309e+01	6.383810e+00	350.60	59.885530	4472	5.340e-02
265kHz_150dA_100Mss_bobN1NE5X0127.txt	219.63	-0.66	357.81	7.75	57041.50	969.44	2.683363e+05	3.708412e+01	6.383617e+00	349.56	59.769974	4472	5.316e-02
265kHz_150dA_100Mss_bobN1NE5X0128.txt	220.15	-0.68	359.61	7.65	57041.50	972.36	2.683363e+05	3.724524e+01	6.383164e+00	349.50	59.498999	4472	5.424e-02
265kHz_150dA_100Mss_bobN1NE5X0129.txt	220.66	-0.63	358.78	7.71	57041.50	964.39	2.683363e+05	3.696827e+01	6.384435e+00	351.30	60.260409	4472	5.359e-02
265kHz_150dA_100Mss_bobN1NE5X0130.txt	221.16	-0.60	356.42	7.77	57041.50	968.03	2.683363e+05	3.701484e+01	6.384518e+00	352.03	60.310155	4472	5.262e-02
265kHz_150dA_100Mss_bobN1NE5X0131.txt	221.67	-0.60	356.47	7.65	57041.50	977.24	2.683363e+05	3.734923e+01	6.382111e+00	346.80	58.868063	4472	5.368e-02
265kHz_150dA_100Mss_bobN1NE5X0132.txt	222.17	-0.60	354.36	7.69	57041.50	965.53	2.683363e+05	3.691374e+01	6.382738e+00	344.92	59.243402	4472	5.305e-02
265kHz_150dA_100Mss_bobN1NE5X0133.txt	223.19	-0.60	354.55	7.62	57041.50	978.77	2.683363e+05	3.738996e+01	6.381459e+00	344.89	58.477697	4472	5.308e-02
265kHz_150dA_100Mss_bobN1NE5X0134.txt	223.7	-0.60	353.55	7.59	57041.50	977.62	2.683363e+05	3.734090e+01	6.380763e+00	342.01	58.061037	4472	5.311e-02
265kHz_150dA_100Mss_bobN1NE5X0135.txt	224.21	-0.60	352.38	7.68	57041.50	968.81	2.683363e+05	3.701790e+01	6.382604e+00	345.43	59.163786	4472	5.267e-02
265kHz_150dA_100Mss_bobN1NE5X0136.txt	224.72	-0.60	353.06	7.60	57041.50	974.23	2.683363e+05	3.722657e+01	6.381684e+00	344.17	58.612086	4472	5.330e-02
265kHz_150dA_100Mss_bobN1NE5X0137.txt	225.23	-0.58	351.66	7.61	57041.50	965.80	2.683363e+05	3.693633e+01	6.381623e+00	341.28	58.575391	4472	5.269e-02
265kHz_150dA_100Mss_bobN1NE5X0138.txt	225.74	-0.53	351.37	7.57	57041.50	968.37	2.683363e+05	3.704606e+01	6.381112e+00	340.52	58.269227	4472	5.289e-02
265kHz_150dA_100Mss_bobN1NE5X0139.txt	226.26	-0.53	351.12	7.63	57041.50	958.99	2.683363e+05	3.669399e+01	6.382519e+00	342.11	59.112422	4472	5.282e-02
265kHz_150dA_100Mss_bobN1NE5X0140.txt	226.77	-0.58	350.54	7.56	57041.50	966.48	2.683363e+05	3.696040e+01	6.381421e+00	340.80	58.454636	4472	5.278e-02
265kHz_150dA_100Mss_bobN1NE5X0141.txt	227.35	-0.57	348.46	7.53	57041.50	974.76	2.683363e+05	3.718949e+01	6.379700e+00	336.93	57.424124	4472	5.263e-02
265kHz_150dA_100Mss_bobN1NE5X0142.txt	227.86	-0.51	351.60	7.54	57041.50	973.63	2.683363e+05	3.723283e+01	6.381898e+00	344.98	58.740845	4472	5.312e-02
265kHz_150dA_100Mss_bobN1NE5X0143.txt	228.37	-0.50	348.50	7.53	57041.50	969.63	2.683363e+05	3.702736e+01	6.379885e+00	336.10	57.535233	4472	5.270e-02
265kHz_150dA_100Mss_bobN1NE5X0144.txt	228.88	-0.50	348.30	7.52	57041.50	962.82	2.683363e+05	3.683440e+01	6.380490e+00	336.43	57.897511	4472	5.271e-02
265kHz_150dA_100Mss_bobN1NE5X0145.txt	229.41	-0.50	347.81	7.48	57041.50	963.32	2.683363e+05	3.684162e+01	6.379301e+00	332.40	57.185295	4472	5.297e-02
265kHz_150dA_100Mss_bobN1NE5X0146.txt	229.91	-0.50	348.05	7.48	57041.50	976.26	2.683363e+05	3.724906e+01	6.379439e+00	336.56	57.268044	4472	5.285e-02
265kHz_150dA_100Mss_bobN1NE5X0147.txt	230.42	-0.50	348.22	7.48	57041.50	968.24	2.683363e+05	3.701805e+01	6.380598e+00	338.48	57.961907	4472	5.285e-02
265kHz_150dA_100Mss_bobN1NE5X0148.txt	230.93	-0.50	345.84	7.56	57041.50	968.03	2.683363e+05	3.693869e+01	6.380994e+00	339.12	58.198572	4472	5.186e-02
265kHz_150dA_100Mss_bobN1NE5X0149.txt	231.46	-0.50	347.09	7.46	57041.50	968.46	2.683363e+05	3.702187e+01	6.379796e+00	335.74	57.481567	4472	5.286e-02
265kHz_150dA_100Mss_bobN1NE5X0150.txt	231.97	-0.50	343.91	7.45	57041.50	965.39	2.683363e+05	3.684880e+01	6.378452e+00	329.54	56.677603	4472	5.240e-02
265kHz_150dA_100Mss_bobN1NE5X0151.txt	232.49	-0.50	346.55	7.46	57041.50	966.13	2.683363e+05	3.692701e+01	6.380167e+00	336.16	57.703863	4472	5.264e-02
265kHz_150dA_100Mss_bobN1NE5X0152.txt	233.53	-0.50	345.10	7.40	57041.50	971.81	2.683363e+05	3.710453e+01	6.378242e+00	331.09	56.551178	4472	5.294e-02
265kHz_150dA_100Mss_bobN1NE5X0153.txt	234.04	-0.50	345.25	7.38	57041.50	965.66	2.683363e+05	3.691876e+01	6.378638e+00	330.80	56.788498	4472	5.312e-02
265kHz_150dA_100Mss_bobN1NE5X0154.txt	234.54	-0.50	344.38	7.47	57041.50	966.03	2.683363e+05	3.689150e+01	6.380206e+00	335.97	57.727256	4472	5.254e-02
265kHz_150dA_100Mss_bobN1NE5X0155.txt	235.05	-0.51	343.94	7.43	57041.50	963.22	2.683363e+05	3.682059e+01	6.379691e+00	333.55	57.418426	4472	5.234e-02
265kHz_150dA_100Mss_bobN1NE5X0156.txt	235.57	-0.56	344.88	7.41	57041.50	965.37	2.683363e+05	3.690816e+01	6.380070e+00	335.66	57.646069	4472	5.273e-02
265kHz_150dA_100Mss_bobN1NE5X0157.txt	236.09	-0.59	343.47	7.36	57041.50	974.85	2.683363e+05	3.720659e+01	6.377920e+00	330.88	56.358461	4472	5.280e-02
265kHz_150dA_100Mss_bobN1NE5X0158.txt	236.59	-0.54	342.15	7.38	57041.50	970.23	2.683363e+05	3.701345e+01	6.378436e+00	330.95	56.667697	4472	5.238e-02
265kHz_150dA_100Mss_bobN1NE5X0159.txt	237.1	-0.50	342.79	7.31	57041.50	973.59	2.683363e+05	3.715547e+01	6.377238e+00	328.06	55.950614	4472	5.316e-02
265kHz_150dA_100Mss_bobN1NE5X0160.txt	237.62	-0.50	342.41	7.36	57041.50	971.44	2.683363e+05	3.708895e+01	6.378879e+00	333.16	56.933034	4472	5.262e-02
265kHz_150dA_100Mss_bobN1NE5X0161.txt	238.13	-0.49	340.97	7.36	57041.50	967.47	2.683363e+05	3.692532e+01	6.377991e+00	328.63	56.401217	4472	5.237e-02
265kHz_150dA_100Mss_bobN1NE5X0162.txt	238.64	-0.44	340.97	7.32	57041.50	976.57	2.683363e+05	3.724183e+01	6.377408e+00	329.41	56.052341	4472	5.281e-02
265kHz_150dA_100Mss_bobN1NE5X0163.txt	239.15	-0.37	340.26	7.33	57041.50	970.54	2.683363e+05	3.702233e+01	6.377487e+00	327.74	56.099965	4472	5.261e-02
265kHz_150dA_100Mss_bobN1NE5X0164.txt	239.69	-0.26	339.52	7.35	57041.50	965.83	2.683363e+05	3.685218e+01	6.377877e+00	327.58	56.333446	4472	5.226e-02
265kHz_150dA_100Mss_bobN1NE5X0165.txt	240.2	-0.14	339.04	7.41	57041.50	958.31	2.683363e+05	3.657977e+01	6.379122e+00	329.42	57.078563	4472	5.169e-02
265kHz_150dA_100Mss_bobN1NE5X0166.txt	240.72	0.02	338.04	7.26	57041.50	971.24	2.683363e+05	3.703099e+01	6.375619e+00	321.34	54.981953	4472	5.257e-02
265kHz_150dA_100Mss_bobN1NE5X0167.txt	241.25	0.20	340.29	7.30	57041.50	970.18	2.683363e+05	3.702672e+01	6.377689e+00	328.48	56.220812	4472	5.262e-02
265kHz_150dA_100Mss_bobN1NE5X0168.txt	241.78	0.41	337.47	7.30	57041.50	971.36	2.683363e+05	3.701652e+01	6.376818e+00	325.37	55.699712	4472	5.213e-02
265kHz_150dA_100Mss_bobN1NE5X0169.txt	242.3	0.83	338.09	7.28	57041.50	979.71	2.683363e+05	3.729395e+01	6.376795e+00	327.73	55.685789	4472	5.265e-02
265kHz_150dA_100Mss_bobN1NE5X0170.txt	242.81	1.39	338.19	7.29	57041.50	968.29	2.683363e+05	3.694002e+01	6.377663e+00	327.62	56.205123	4472	5.238e-02
265kHz_150dA_100Mss_bobN1NE5X0171.txt	243.79	1.84	338.45	7.19	57041.50	971.34	2.683363e+05	3.708469e+01	6.375495e+00	321.38	54.907522	4472	5.313e-02
265kHz_150dA_100Mss_bobN1NE5X0172.txt	244.31	2.33	337.12	7.29	57041.50	961.12	2.683363e+05	3.669851e+01	6.377484e+00	324.87	56.097780	4472	5.228e-02
265kHz_150dA_100Mss_bobN1NE5X0173.txt	244.82	3.05	337.73	7.31	57041.50	971.33	2.683363e+05	3.701774e+01	6.377984e+00	329.42	56.396980	4472	5.227e-02
265kHz_150dA_100Mss_bobN1NE5X0174.txt	245.33	3.30	337.04	7.28	57041.50	966.45	2.683363e+05	3.684946e+01	6.377400e+00	325.91	56.047409	4472	5.224e-02
265kHz_150dA_100Mss_bobN1NE5X0175.txt	245.83	3.30	336.57	7.24	57041.50	967.40	2.683363e+05	3.690728e+01	6.376955e+00	324.89	55.781602	4472	5.236e-02
265kHz_150dA_100Mss_bobN1NE5X0176.txt	246.35	3.44	336.52	7.22	57041.50	971.02	2.683363e+05	3.703184e+01	6.376287e+00	323.67	55.381273	4472	5.264e-02
265kHz_150dA_100Mss_bobN1NE5X0177.txt	246.84	3.64	337.05	7.20	57041.50	973.70	2.683363e+05	3.713213e+01	6.376149e+00	324.06	55.298820	4472	5.295e-02
265kHz_150dA_100Mss_bobN1NE5X0178.txt	247.42	4.12	335.80	7.19	57041.50	973.08	2.683363e+05	3.707469e+01	6.375366e+00	320.85	54.830643	4472	5.261e-02
265kHz_150dA_100Mss_bobN1NE5X0179.txt	247.94	4.64	336.40	7.23	57041.50	969.65	2.683363e+05	3.698184e+01	6.377006e+00	325.72	55.811482	4472	5.264e-02
265kHz_150dA_100Mss_bobN1NE5X0180.txt	248.45	5.10	335.79	7.12	57041.50	977.81	2.683363e+05	3.725302e+01	6.374020e+00	317.69	54.025344	4472	5.330e-02
265kHz_150dA_100Mss_bobN1NE5X0181.txt	248.96	5.56	336.55	7.20	57041.50	965.55	2.683363e+05	3.686907e+01	6.376484e+00	322.92	55.499306	4472	5.284e-02
265kHz_150dA_100Mss_bobN1NE5X0182.txt	249.47	5.88	334.86	7.20	57041.50	965.53	2.683363e+05	3.683398e+01	6.375956e+00	320.80	55.183894	4472	5.246e-02
265kHz_150dA_100Mss_bobN1NE5X0183.txt	250.03	6.29	335.16	7.18	57041.50	966.90	2.683363e+05	3.689820e+01	6.376391e+00	322.86	55.444297	4472	5.266e-02
265kHz_150dA_100Mss_bobN1NE5X0184.txt	250.85	8.83	333.58	7.19	57041.50	968.64	2.683363e+05	3.690796e+01	6.375767e+00	320.79	55.070853	4472	5.237e-02
265kHz_150dA_100Mss_bobN1NE5X0185.txt	251.36	9.23	333.92	7.11	57041.50	973.24	2.683363e+05	3.710750e+01	6.374584e+00	318.41	54.362379	4472	5.304e-02
265kHz_150dA_100Mss_bobN1NE5X0186.txt	251.87	9.13	332.79	7.08	57041.50	977.08	2.683363e+05	3.719979e+01	6.373077e+00	313.95	53.461059	4472	5.269e-02
265kHz_150dA_100Mss_bobN1NE5X0187.txt	252.39	9.02	334.68	7.13	57041.50	963.68	2.683363e+05	3.681139e+01	6.375824e+00	320.15	55.104553	4472	5.302e-02
265kHz_150dA_100Mss_bobN1NE5X0188.txt	252.92	8.92	335.78	7.15	57041.50	964.65	2.683363e+05	3.686768e+01	6.377096e+00	325.03	55.865648	4472	5.295e-02
265kHz_150dA_100Mss_bobN1NE5X0189.txt	253.42	9.66	335.55	7.11	57041.50	989.12	2.683363e+05	3.762018e+01	6.375245e+00	325.14	54.758017	4472	5.288e-02
265kHz_150dA_100Mss_bobN1NE5X0190.txt	254.44	10.52	332.72	7.08	57041.50	968.65	2.683363e+05	3.694235e+01	6.374366e+00	316.24	54.232697	4472	5.302e-02
265kHz_150dA_100Mss_bobN1NE5X0191.txt	254.95	10.32	334.68	7.10	57041.50	971.03	2.683363e+05	3.706131e+01	6.375678e+00	321.81	55.017342	4472	5.288e-02
265kHz_150dA_100Mss_bobN1NE5X0192.txt	255.45	11.20	333.45	7.10	57041.50	970.32	2.683363e+05	3.700915e+01	6.374761e+00	318.18	54.469029	4472	5.267e-02
265kHz_150dA_100Mss_bobN1NE5X0193.txt	255.95	12.20	333.77	7.09	57041.50	974.95	2.683363e+05	3.716016e+01	6.375104e+00	320.67	54.673913	4472	5.307e-02
265kHz_150dA_100Mss_bobN1NE5X0194.txt	256.45	12.26	334.65	7.07	57041.50	974.78	2.683363e+05	3.718282e+01	6.375383e+00	321.84	54.840307	4472	5.303e-02
265kHz_150dA_100Mss_bobN1NE5X0195.txt	256.95	12.20	331.61	7.08	57041.50	977.78	2.683363e+05	3.722839e+01	6.373796e+00	316.71	53.891592	4472	5.271e-02
265kHz_150dA_100Mss_bobN1NE5X0196.txt	257.45	12.20	332.50	7.03	57041.50	975.13	2.683363e+05	3.716865e+01	6.373680e+00	315.79	53.822216	4472	5.290e-02
265kHz_150dA_100Mss_bobN1NE5X0197.txt	257.96	12.20	332.34	7.10	57041.50	971.53	2.683363e+05	3.700726e+01	6.374959e+00	318.85	54.586983	4472	5.269e-02
265kHz_150dA_100Mss_bobN1NE5X0198.txt	258.48	13.06	333.57	7.03	57041.50	983.73	2.683363e+05	3.746282e+01	6.373926e+00	319.16	53.969714	4472	5.343e-02
265kHz_150dA_100Mss_bobN1NE5X0199.txt	259.01	14.01	332.65	7.04	57041.50	980.77	2.683363e+05	3.735711e+01	6.374034e+00	318.63	54.034263	4472	5.321e-02
265kHz_150dA_100Mss_bobN1NE5X0200.txt	259.51	14.46	333.14	7.07	57041.50	979.66	2.683363e+05	3.731831e+01	6.375212e+00	322.42	54.738621	4472	5.299e-02
265kHz_150dA_100Mss_bobN1NE5X0201.txt	260.03	14.90	332.98	7.02	57041.50	977.31	2.683363e+05	3.726986e+01	6.374384e+00	319.11	54.242856	4472	5.302e-02
265kHz_150dA_100Mss_bobN1NE5X0202.txt	260.55	14.90	331.46	6.98	57041.50	982.69	2.683363e+05	3.741559e+01	6.372446e+00	313.57	53.084182	4472	5.310e-02
265kHz_150dA_100Mss_bobN1NE5X0203.txt	261.06	14.98	331.25	7.04	57041.50	976.50	2.683363e+05	3.720314e+01	6.374094e+00	317.53	54.069971	4472	5.289e-02
265kHz_150dA_100Mss_bobN1NE5X0204.txt	261.57	15.70	332.25	6.99	57041.50	984.32	2.683363e+05	3.749349e+01	6.373680e+00	318.55	53.821881	4472	5.338e-02
265kHz_150dA_100Mss_bobN1NE5X0205.txt	262.09	16.41	333.62	6.98	57041.50	985.14	2.683363e+05	3.754831e+01	6.374140e+00	320.63	54.097059	4472	5.375e-02
265kHz_150dA_100Mss_bobN1NE5X0206.txt	262.58	17.00	332.35	6.93	57041.50	992.38	2.683363e+05	3.776778e+01	6.372192e+00	315.62	52.932144	4472	5.392e-02
265kHz_150dA_100Mss_bobN1NE5X0207.txt	263.09	17.47	332.45	6.97	57041.50	988.17	2.683363e+05	3.762137e+01	6.373150e+00	317.77	53.504427	4472	5.346e-02
265kHz_150dA_100Mss_bobN1NE5X0208.txt	263.6	17.32	333.25	6.96	57041.50	994.21	2.683363e+05	3.784723e+01	6.373246e+00	320.02	53.562320	4472	5.354e-02
265kHz_150dA_100Mss_bobN1NE5X0209.txt	264.6	17.74	329.94	6.88	57041.50	993.50	2.683363e+05	3.777500e+01	6.369877e+00	307.49	51.548020	4472	5.362e-02
265kHz_150dA_100Mss_bobN1NE5X0210.txt	265.09	18.30	330.43	6.89	57041.50	987.83	2.683363e+05	3.760985e+01	6.370941e+00	309.89	52.184225	4472	5.360e-02
265kHz_150dA_100Mss_bobN1NE5X0211.txt	265.6	19.42	331.73	6.92	57041.50	1004.62	2.683363e+05	3.816955e+01	6.372353e+00	319.55	53.028345	4472	5.376e-02
265kHz_150dA_100Mss_bobN1NE5X0212.txt	266.11	20.41	330.29	6.87	57041.50	1000.37	2.683363e+05	3.803293e+01	6.370499e+00	311.81	51.920249	4472	5.392e-02
265kHz_150dA_100Mss_bobN1NE5X0213.txt	266.63	20.93	330.83	6.86	57041.50	992.99	2.683363e+05	3.780530e+01	6.371184e+00	312.37	52.329703	4472	5.373e-02
265kHz_150dA_100Mss_bobN1NE5X0214.txt	267.13	21.42	330.24	6.91	57041.50	990.29	2.683363e+05	3.769005e+01	6.371987e+00	314.25	52.809410	4472	5.329e-02
265kHz_150dA_100Mss_bobN1NE5X0215.txt	267.7	21.93	329.31	6.88	57041.50	995.07	2.683363e+05	3.783904e+01	6.370841e+00	311.43	52.124487	4472	5.329e-02
265kHz_150dA_100Mss_bobN1NE5X0216.txt	268.22	22.27	328.65	6.84	57041.50	1006.96	2.683363e+05	3.823016e+01	6.369662e+00	310.42	51.419915	4472	5.352e-02
265kHz_150dA_100Mss_bobN1NE5X0217.txt	268.73	22.42	329.87	6.85	57041.50	998.94	2.683363e+05	3.799347e+01	6.370853e+00	312.74	52.131840	4472	5.372e-02
265kHz_150dA_100Mss_bobN1NE5X0218.txt	269.23	22.41	330.54	6.77	57041.50	1012.35	2.683363e+05	3.846361e+01	6.368873e+00	309.48	50.948395	4472	5.447e-02
265kHz_150dA_100Mss_bobN1NE5X0219.txt	269.74	22.20	329.10	6.84	57041.50	1000.46	2.683363e+05	3.802951e+01	6.370349e+00	311.24	51.830678	4472	5.353e-02
265kHz_150dA_100Mss_bobN1NE5X0220.txt	270.23	22.05	331.42	6.83	57041.50	1004.81	2.683363e+05	3.820960e+01	6.371106e+00	315.43	52.283047	4472	5.412e-02
265kHz_150dA_100Mss_bobN1NE5X0221.txt	270.77	21.95	330.90	6.76	57041.50	1008.13	2.683363e+05	3.835633e+01	6.369637e+00	311.36	51.404891	4472	5.454e-02
265kHz_150dA_100Mss_bobN1NE5X0222.txt	271.28	22.24	331.24	6.79	57041.50	1004.40	2.683363e+05	3.822696e+01	6.371007e+00	315.21	52.223557	4472	5.439e-02
265kHz_150dA_100Mss_bobN1NE5X0223.txt	271.79	22.85	331.50	6.74	57041.50	1010.93	2.683363e+05	3.845460e+01	6.369813e+00	312.79	51.510047	4472	5.483e-02
265kHz_150dA_100Mss_bobN1NE5X0224.txt	272.28	23.44	328.67	6.74	57041.50	1002.36	2.683363e+05	3.814683e+01	6.368516e+00	305.65	50.735324	4472	5.449e-02
265kHz_150dA_100Mss_bobN1NE5X0225.txt	272.77	24.02	329.29	6.80	57041.50	1016.87	2.683363e+05	3.858542e+01	6.369971e+00	314.43	51.604493	4472	5.396e-02
265kHz_150dA_100Mss_bobN1NE5X0226.txt	273.28	24.50	328.50	6.74	57041.50	1008.34	2.683363e+05	3.834849e+01	6.369328e+00	310.19	51.220031	4472	5.427e-02
265kHz_150dA_100Mss_bobN1NE5X0227.txt	273.79	24.85	329.79	6.75	57041.50	1013.75	2.683363e+05	3.853951e+01	6.370347e+00	315.41	51.829415	4472	5.449e-02
265kHz_150dA_100Mss_bobN1NE5X0228.txt	274.78	25.62	327.17	6.73	57041.50	1004.78	2.683363e+05	3.818204e+01	6.368449e+00	305.70	50.695555	4472	5.417e-02
265kHz_150dA_100Mss_bobN1NE5X0229.txt	275.29	26.15	328.03	6.68	57041.50	1018.56	2.683363e+05	3.865384e+01	6.368066e+00	308.09	50.466516	4472	5.445e-02
265kHz_150dA_100Mss_bobN1NE5X0230.txt	275.8	26.76	330.33	6.66	57041.50	1019.54	2.683363e+05	3.876150e+01	6.368407e+00	310.18	50.670060	4472	5.499e-02
265kHz_150dA_100Mss_bobN1NE5X0231.txt	276.3	27.18	327.82	6.67	57041.50	1018.74	2.683363e+05	3.867529e+01	6.367988e+00	307.97	50.419427	4472	5.433e-02
265kHz_150dA_100Mss_bobN1NE5X0232.txt	276.8	27.48	327.46	6.65	57041.50	1016.27	2.683363e+05	3.860882e+01	6.367772e+00	306.67	50.290769	4472	5.458e-02
265kHz_150dA_100Mss_bobN1NE5X0233.txt	277.32	27.98	329.41	6.68	57041.50	1020.14	2.683363e+05	3.874397e+01	6.368973e+00	312.10	51.008621	4472	5.463e-02
265kHz_150dA_100Mss_bobN1NE5X0234.txt	277.83	28.60	328.89	6.60	57041.50	1028.17	2.683363e+05	3.904545e+01	6.366883e+00	306.88	49.759420	4472	5.526e-02
265kHz_150dA_100Mss_bobN1NE5X0235.txt	278.32	28.74	327.99	6.62	57041.50	1029.18	2.683363e+05	3.905726e+01	6.367022e+00	307.48	49.842599	4472	5.479e-02
265kHz_150dA_100Mss_bobN1NE5X0236.txt	278.81	28.64	327.89	6.60	57041.50	1031.92	2.683363e+05	3.913714e+01	6.366462e+00	306.06	49.508372	4472	5.492e-02
265kHz_150dA_100Mss_bobN1NE5X0237.txt	279.32	28.60	329.72	6.59	57041.50	1031.56	2.683363e+05	3.917998e+01	6.366470e+00	306.42	49.512958	4472	5.537e-02
265kHz_150dA_100Mss_bobN1NE5X0238.txt	279.81	28.60	329.91	6.63	57041.50	1034.74	2.683363e+05	3.925146e+01	6.367604e+00	311.15	50.190313	4472	5.490e-02
265kHz_150dA_100Mss_bobN1NE5X0239.txt	280.31	29.03	330.35	6.62	57041.50	1043.98	2.683363e+05	3.954272e+01	6.367602e+00	313.45	50.189556	4472	5.522e-02
265kHz_150dA_100Mss_bobN1NE5X0240.txt	280.8	29.72	329.07	6.60	57041.50	1031.64	2.683363e+05	3.916764e+01	6.367217e+00	309.07	49.959252	4472	5.511e-02
265kHz_150dA_100Mss_bobN1NE5X0241.txt	281.32	30.03	326.60	6.60	57041.50	1034.03	2.683363e+05	3.917538e+01	6.365944e+00	304.46	49.199000	4472	5.477e-02
265kHz_150dA_100Mss_bobN1NE5X0242.txt	281.83	30.08	327.73	6.58	57041.50	1030.29	2.683363e+05	3.911293e+01	6.366810e+00	307.15	49.716511	4472	5.502e-02
265kHz_150dA_100Mss_bobN1NE5X0243.txt	282.67	30.10	329.52	6.61	57041.50	1031.36	2.683363e+05	3.916098e+01	6.368716e+00	314.51	50.854735	4472	5.521e-02
265kHz_150dA_100Mss_bobN1NE5X0244.txt	283.18	30.14	327.22	6.57	57041.50	1031.29	2.683363e+05	3.914288e+01	6.367698e+00	310.64	50.246762	4472	5.529e-02
265kHz_150dA_100Mss_bobN1NE5X0245.txt	283.73	30.25	326.08	6.55	57041.50	1037.66	2.683363e+05	3.932038e+01	6.366372e+00	307.16	49.455021	4472	5.488e-02
265kHz_150dA_100Mss_bobN1NE5X0246.txt	284.36	30.48	326.82	6.54	57041.50	1042.11	2.683363e+05	3.947193e+01	6.366149e+00	307.52	49.321633	4472	5.534e-02
265kHz_150dA_100Mss_bobN1NE5X0247.txt	285.41	31.05	337.97	6.61	57041.50	1053.35	2.683363e+05	4.003509e+01	6.368433e+00	320.47	50.685462	4472	5.648e-02
