# Temperatura_=_3.7217132867132863
# Concentracion g/m^3_=_19900.0
# C_Vs_to_Am_M_A/Vsm_=_116720831517.84952
# pendiente_HvsI_1/m_=_3716.3
# ordenada_HvsI_A/m_=_1297.0
# frecuencia_Hz_=_212172.7784787836
# Promedio de 286 ciclos

Tiempo_(s)	Campo_(V.s)	Magnetizacion_(V.s)	Campo_(kA/m)	Magnetizacion_(A/m)
0.000000e+00	-9.270135e-10	-8.154083e-09	-5.687758e+01	-9.650668e+02
1.000000e-08	-9.268810e-10	-8.151188e-09	-5.686941e+01	-9.650657e+02
2.000000e-08	-9.265782e-10	-8.153789e-09	-5.685081e+01	-9.650311e+02
3.000000e-08	-9.261179e-10	-8.154778e-09	-5.682254e+01	-9.649656e+02
4.000000e-08	-9.255240e-10	-8.150565e-09	-5.678607e+01	-9.648718e+02
5.000000e-08	-9.247986e-10	-8.149658e-09	-5.674153e+01	-9.647514e+02
6.000000e-08	-9.239256e-10	-8.148861e-09	-5.668792e+01	-9.646057e+02
7.000000e-08	-9.228806e-10	-8.142859e-09	-5.662376e+01	-9.644347e+02
8.000000e-08	-9.216512e-10	-8.126405e-09	-5.654830e+01	-9.642377e+02
9.000000e-08	-9.202275e-10	-8.110365e-09	-5.646091e+01	-9.640126e+02
1.000000e-07	-9.185718e-10	-8.169704e-09	-5.635928e+01	-9.637565e+02
1.100000e-07	-9.166851e-10	-8.241747e-09	-5.624348e+01	-9.634655e+02
1.200000e-07	-9.146478e-10	-8.200073e-09	-5.611846e+01	-9.631349e+02
1.300000e-07	-9.125207e-10	-8.166647e-09	-5.598793e+01	-9.627596e+02
1.400000e-07	-9.103155e-10	-8.120268e-09	-5.585260e+01	-9.623339e+02
1.500000e-07	-9.079973e-10	-8.004738e-09	-5.571033e+01	-9.618523e+02
1.600000e-07	-9.054792e-10	-8.103859e-09	-5.555578e+01	-9.613098e+02
1.700000e-07	-9.027574e-10	-8.156870e-09	-5.538875e+01	-9.607016e+02
1.800000e-07	-8.998897e-10	-8.037388e-09	-5.521277e+01	-9.600240e+02
1.900000e-07	-8.968623e-10	-8.184701e-09	-5.502698e+01	-9.592743e+02
2.000000e-07	-8.937059e-10	-8.168027e-09	-5.483329e+01	-9.584511e+02
2.100000e-07	-8.904442e-10	-7.987447e-09	-5.463315e+01	-9.575541e+02
2.200000e-07	-8.870342e-10	-8.070843e-09	-5.442390e+01	-9.565843e+02
2.300000e-07	-8.834682e-10	-8.016695e-09	-5.420507e+01	-9.555440e+02
2.400000e-07	-8.797159e-10	-7.966797e-09	-5.397481e+01	-9.544364e+02
2.500000e-07	-8.757716e-10	-8.059986e-09	-5.373276e+01	-9.532655e+02
2.600000e-07	-8.716809e-10	-8.028242e-09	-5.348174e+01	-9.520359e+02
2.700000e-07	-8.674449e-10	-8.041909e-09	-5.322181e+01	-9.507524e+02
2.800000e-07	-8.630518e-10	-8.042225e-09	-5.295224e+01	-9.494194e+02
2.900000e-07	-8.584985e-10	-7.977206e-09	-5.267283e+01	-9.480413e+02
3.000000e-07	-8.537857e-10	-7.938514e-09	-5.238364e+01	-9.466215e+02
3.100000e-07	-8.489088e-10	-7.920592e-09	-5.208438e+01	-9.451626e+02
3.200000e-07	-8.438333e-10	-7.952657e-09	-5.177293e+01	-9.436658e+02
3.300000e-07	-8.385561e-10	-7.961229e-09	-5.144911e+01	-9.421316e+02
3.400000e-07	-8.331137e-10	-7.970055e-09	-5.111514e+01	-9.405588e+02
3.500000e-07	-8.275452e-10	-7.932845e-09	-5.077344e+01	-9.389454e+02
3.600000e-07	-8.218519e-10	-7.879786e-09	-5.042409e+01	-9.372881e+02
3.700000e-07	-8.159924e-10	-7.887963e-09	-5.006454e+01	-9.355833e+02
3.800000e-07	-8.099595e-10	-7.840419e-09	-4.969436e+01	-9.338264e+02
3.900000e-07	-8.037766e-10	-7.820808e-09	-4.931496e+01	-9.320130e+02
4.000000e-07	-7.974644e-10	-7.846088e-09	-4.892765e+01	-9.301386e+02
4.100000e-07	-7.910263e-10	-7.845461e-09	-4.853260e+01	-9.281992e+02
4.200000e-07	-7.844475e-10	-7.830105e-09	-4.812894e+01	-9.261916e+02
4.300000e-07	-7.777255e-10	-7.783149e-09	-4.771648e+01	-9.241133e+02
4.400000e-07	-7.708702e-10	-7.748910e-09	-4.729583e+01	-9.219631e+02
4.500000e-07	-7.638883e-10	-7.728870e-09	-4.686742e+01	-9.197406e+02
4.600000e-07	-7.567739e-10	-7.731053e-09	-4.643088e+01	-9.174468e+02
4.700000e-07	-7.495202e-10	-7.722594e-09	-4.598580e+01	-9.150834e+02
4.800000e-07	-7.421269e-10	-7.697903e-09	-4.553215e+01	-9.126530e+02
4.900000e-07	-7.345952e-10	-7.688720e-09	-4.507002e+01	-9.101585e+02
5.000000e-07	-7.269211e-10	-7.663190e-09	-4.459914e+01	-9.076032e+02
5.100000e-07	-7.191005e-10	-7.630530e-09	-4.411927e+01	-9.049899e+02
5.200000e-07	-7.111385e-10	-7.590967e-09	-4.363072e+01	-9.023210e+02
5.300000e-07	-7.030464e-10	-7.568449e-09	-4.313419e+01	-8.995978e+02
5.400000e-07	-6.948323e-10	-7.567644e-09	-4.263018e+01	-8.968207e+02
5.500000e-07	-6.864991e-10	-7.557775e-09	-4.211886e+01	-8.939882e+02
5.600000e-07	-6.780550e-10	-7.527234e-09	-4.160074e+01	-8.910976e+02
5.700000e-07	-6.695093e-10	-7.485115e-09	-4.107638e+01	-8.881443e+02
5.800000e-07	-6.608663e-10	-7.455240e-09	-4.054605e+01	-8.851224e+02
5.900000e-07	-6.521214e-10	-7.428186e-09	-4.000946e+01	-8.820245e+02
6.000000e-07	-6.432599e-10	-7.400870e-09	-3.946574e+01	-8.788421e+02
6.100000e-07	-6.342724e-10	-7.372568e-09	-3.891428e+01	-8.755658e+02
6.200000e-07	-6.251668e-10	-7.349192e-09	-3.835559e+01	-8.721861e+02
6.300000e-07	-6.159525e-10	-7.331548e-09	-3.779021e+01	-8.686935e+02
6.400000e-07	-6.066266e-10	-7.301503e-09	-3.721799e+01	-8.650791e+02
6.500000e-07	-5.971910e-10	-7.257069e-09	-3.663903e+01	-8.613349e+02
6.600000e-07	-5.876497e-10	-7.212667e-09	-3.605359e+01	-8.574542e+02
6.700000e-07	-5.780027e-10	-7.182868e-09	-3.546168e+01	-8.534322e+02
6.800000e-07	-5.682461e-10	-7.157883e-09	-3.486303e+01	-8.492655e+02
6.900000e-07	-5.583762e-10	-7.124679e-09	-3.425743e+01	-8.449527e+02
7.000000e-07	-5.483985e-10	-7.083776e-09	-3.364522e+01	-8.404942e+02
7.100000e-07	-5.383183e-10	-7.043754e-09	-3.302672e+01	-8.358916e+02
7.200000e-07	-5.281432e-10	-7.007891e-09	-3.240238e+01	-8.311480e+02
7.300000e-07	-5.178793e-10	-6.966421e-09	-3.177261e+01	-8.262669e+02
7.400000e-07	-5.075274e-10	-6.917899e-09	-3.113744e+01	-8.212521e+02
7.500000e-07	-4.970832e-10	-6.872572e-09	-3.049661e+01	-8.161068e+02
7.600000e-07	-4.865449e-10	-6.835130e-09	-2.985000e+01	-8.108334e+02
7.700000e-07	-4.759205e-10	-6.796000e-09	-2.919812e+01	-8.054326e+02
7.800000e-07	-4.652142e-10	-6.744393e-09	-2.854121e+01	-7.999029e+02
7.900000e-07	-4.544263e-10	-6.686124e-09	-2.787930e+01	-7.942407e+02
8.000000e-07	-4.435546e-10	-6.634283e-09	-2.721223e+01	-7.884393e+02
8.100000e-07	-4.326032e-10	-6.588804e-09	-2.654028e+01	-7.824894e+02
8.200000e-07	-4.215823e-10	-6.540121e-09	-2.586407e+01	-7.763790e+02
8.300000e-07	-4.104985e-10	-6.483728e-09	-2.518399e+01	-7.700934e+02
8.400000e-07	-3.993528e-10	-6.425931e-09	-2.450013e+01	-7.636159e+02
8.500000e-07	-3.881397e-10	-6.370580e-09	-2.381213e+01	-7.569281e+02
8.600000e-07	-3.768537e-10	-6.311196e-09	-2.311967e+01	-7.500105e+02
8.700000e-07	-3.654949e-10	-6.243715e-09	-2.242273e+01	-7.428433e+02
8.800000e-07	-3.540694e-10	-6.173976e-09	-2.172169e+01	-7.354068e+02
8.900000e-07	-3.425824e-10	-6.111027e-09	-2.101690e+01	-7.276823e+02
9.000000e-07	-3.310341e-10	-6.051703e-09	-2.030834e+01	-7.196521e+02
9.100000e-07	-3.194208e-10	-5.984859e-09	-1.959579e+01	-7.113005e+02
9.200000e-07	-3.077417e-10	-5.908621e-09	-1.887919e+01	-7.026134e+02
9.300000e-07	-2.960024e-10	-5.830357e-09	-1.815890e+01	-6.935786e+02
9.400000e-07	-2.842114e-10	-5.755145e-09	-1.743544e+01	-6.841850e+02
9.500000e-07	-2.723737e-10	-5.675333e-09	-1.670911e+01	-6.744225e+02
9.600000e-07	-2.604907e-10	-5.587183e-09	-1.598000e+01	-6.642811e+02
9.700000e-07	-2.485626e-10	-5.495587e-09	-1.524813e+01	-6.537497e+02
9.800000e-07	-2.365884e-10	-5.405338e-09	-1.451344e+01	-6.428149e+02
9.900000e-07	-2.245671e-10	-5.315701e-09	-1.377587e+01	-6.314603e+02
1.000000e-06	-2.124989e-10	-5.217259e-09	-1.303543e+01	-6.196645e+02
1.010000e-06	-2.003869e-10	-5.108660e-09	-1.229228e+01	-6.074002e+02
1.020000e-06	-1.882370e-10	-4.998199e-09	-1.154681e+01	-5.946333e+02
1.030000e-06	-1.760530e-10	-4.888930e-09	-1.079924e+01	-5.813217e+02
1.040000e-06	-1.638350e-10	-4.772069e-09	-1.004958e+01	-5.674151e+02
1.050000e-06	-1.515833e-10	-4.640661e-09	-9.297843e+00	-5.528546e+02
1.060000e-06	-1.393011e-10	-4.500728e-09	-8.544248e+00	-5.375733e+02
1.070000e-06	-1.269946e-10	-4.361151e-09	-7.789165e+00	-5.214966e+02
1.080000e-06	-1.146669e-10	-4.218945e-09	-7.032784e+00	-5.045441e+02
1.090000e-06	-1.023168e-10	-4.066896e-09	-6.275036e+00	-4.866309e+02
1.100000e-06	-8.994609e-11	-3.905630e-09	-5.516023e+00	-4.676699e+02
1.110000e-06	-7.755840e-11	-3.736898e-09	-4.755976e+00	-4.475747e+02
1.120000e-06	-6.515646e-11	-3.559876e-09	-3.995054e+00	-4.262622e+02
1.130000e-06	-5.274189e-11	-3.370511e-09	-3.233350e+00	-4.036561e+02
1.140000e-06	-4.031792e-11	-3.165524e-09	-2.471073e+00	-3.796899e+02
1.150000e-06	-2.788955e-11	-2.948051e-09	-1.708533e+00	-3.543103e+02
1.160000e-06	-1.546003e-11	-2.723915e-09	-9.459226e-01	-3.274804e+02
1.170000e-06	-3.030077e-12	-2.491729e-09	-1.832772e-01	-2.991824e+02
1.180000e-06	9.399884e-12	-2.245065e-09	5.793707e-01	-2.694200e+02
1.190000e-06	2.182579e-11	-1.983177e-09	1.341764e+00	-2.382203e+02
1.200000e-06	3.424272e-11	-1.708675e-09	2.103600e+00	-2.056352e+02
1.210000e-06	4.664865e-11	-1.422175e-09	2.864760e+00	-1.717415e+02
1.220000e-06	5.904306e-11	-1.121593e-09	3.625215e+00	-1.366412e+02
1.230000e-06	7.142481e-11	-8.081103e-10	4.384898e+00	-1.004602e+02
1.240000e-06	8.379057e-11	-4.883850e-10	5.143601e+00	-6.334667e+01
1.250000e-06	9.613673e-11	-1.670360e-10	5.901097e+00	-2.546855e+01
1.260000e-06	1.084628e-10	1.553430e-10	6.657363e+00	1.298957e+01
1.270000e-06	1.207685e-10	4.805059e-10	7.412389e+00	5.183005e+01
1.280000e-06	1.330512e-10	8.081281e-10	8.166014e+00	9.084628e+01
1.290000e-06	1.453086e-10	1.134767e-09	8.918088e+00	1.298271e+02
1.300000e-06	1.575401e-10	1.458014e-09	9.668562e+00	1.685611e+02
1.310000e-06	1.697456e-10	1.778072e-09	1.041744e+01	2.068413e+02
1.320000e-06	1.819231e-10	2.094356e-09	1.116458e+01	2.444696e+02
1.330000e-06	1.940694e-10	2.403586e-09	1.190981e+01	2.812602e+02
1.340000e-06	2.061822e-10	2.702537e-09	1.265298e+01	3.170438e+02
1.350000e-06	2.182594e-10	2.990006e-09	1.339396e+01	3.516701e+02
1.360000e-06	2.302985e-10	3.268005e-09	1.413261e+01	3.850106e+02
1.370000e-06	2.422967e-10	3.535552e-09	1.486876e+01	4.169600e+02
1.380000e-06	2.542516e-10	3.789500e-09	1.560226e+01	4.474371e+02
1.390000e-06	2.661633e-10	4.030008e-09	1.633311e+01	4.763855e+02
1.400000e-06	2.780333e-10	4.259361e-09	1.706141e+01	5.037723e+02
1.410000e-06	2.898614e-10	4.478140e-09	1.778714e+01	5.295880e+02
1.420000e-06	3.016419e-10	4.683954e-09	1.850994e+01	5.538439e+02
1.430000e-06	3.133660e-10	4.874692e-09	1.922926e+01	5.765705e+02
1.440000e-06	3.250259e-10	5.051091e-09	1.994464e+01	5.978149e+02
1.450000e-06	3.366198e-10	5.216113e-09	2.065596e+01	6.176380e+02
1.460000e-06	3.481481e-10	5.370490e-09	2.136327e+01	6.361114e+02
1.470000e-06	3.596098e-10	5.513080e-09	2.206650e+01	6.533148e+02
1.480000e-06	3.710024e-10	5.644465e-09	2.276548e+01	6.693329e+02
1.490000e-06	3.823226e-10	5.768225e-09	2.346002e+01	6.842530e+02
1.500000e-06	3.935681e-10	5.886946e-09	2.414997e+01	6.981624e+02
1.510000e-06	4.047385e-10	5.998120e-09	2.483534e+01	7.111464e+02
1.520000e-06	4.158378e-10	6.098797e-09	2.551633e+01	7.232867e+02
1.530000e-06	4.268718e-10	6.189979e-09	2.619333e+01	7.346600e+02
1.540000e-06	4.378408e-10	6.275153e-09	2.686634e+01	7.453370e+02
1.550000e-06	4.487363e-10	6.356515e-09	2.753482e+01	7.553820e+02
1.560000e-06	4.595472e-10	6.434281e-09	2.819811e+01	7.648526e+02
1.570000e-06	4.702690e-10	6.508596e-09	2.885595e+01	7.737997e+02
1.580000e-06	4.809034e-10	6.581086e-09	2.950841e+01	7.822683e+02
1.590000e-06	4.914481e-10	6.651291e-09	3.015535e+01	7.902973e+02
1.600000e-06	5.018964e-10	6.716352e-09	3.079640e+01	7.979206e+02
1.610000e-06	5.122476e-10	6.775044e-09	3.143149e+01	8.051678e+02
1.620000e-06	5.225090e-10	6.829758e-09	3.206108e+01	8.120648e+02
1.630000e-06	5.326850e-10	6.883800e-09	3.268542e+01	8.186346e+02
1.640000e-06	5.427695e-10	6.936177e-09	3.330413e+01	8.248980e+02
1.650000e-06	5.527517e-10	6.985088e-09	3.391657e+01	8.308737e+02
1.660000e-06	5.626287e-10	7.030452e-09	3.452256e+01	8.365794e+02
1.670000e-06	5.724013e-10	7.073703e-09	3.512214e+01	8.420317e+02
1.680000e-06	5.820666e-10	7.115120e-09	3.571513e+01	8.472462e+02
1.690000e-06	5.916262e-10	7.153236e-09	3.630165e+01	8.522379e+02
1.700000e-06	6.010882e-10	7.188910e-09	3.688218e+01	8.570209e+02
1.710000e-06	6.104588e-10	7.224178e-09	3.745711e+01	8.616088e+02
1.720000e-06	6.197351e-10	7.260168e-09	3.802625e+01	8.660139e+02
1.730000e-06	6.289054e-10	7.295013e-09	3.858887e+01	8.702477e+02
1.740000e-06	6.379627e-10	7.326988e-09	3.914457e+01	8.743207e+02
1.750000e-06	6.469042e-10	7.356629e-09	3.969315e+01	8.782420e+02
1.760000e-06	6.557276e-10	7.384280e-09	4.023448e+01	8.820197e+02
1.770000e-06	6.644384e-10	7.410727e-09	4.076892e+01	8.856604e+02
1.780000e-06	6.730450e-10	7.436816e-09	4.129698e+01	8.891700e+02
1.790000e-06	6.815486e-10	7.463124e-09	4.181871e+01	8.925532e+02
1.800000e-06	6.899420e-10	7.489348e-09	4.233367e+01	8.958138e+02
1.810000e-06	6.982166e-10	7.515544e-09	4.284134e+01	8.989553e+02
1.820000e-06	7.063646e-10	7.541310e-09	4.334124e+01	9.019804e+02
1.830000e-06	7.143826e-10	7.564734e-09	4.383317e+01	9.048921e+02
1.840000e-06	7.222734e-10	7.585844e-09	4.431729e+01	9.076932e+02
1.850000e-06	7.300381e-10	7.605827e-09	4.479368e+01	9.103869e+02
1.860000e-06	7.376691e-10	7.626036e-09	4.526185e+01	9.129765e+02
1.870000e-06	7.451541e-10	7.646812e-09	4.572106e+01	9.154661e+02
1.880000e-06	7.524903e-10	7.667506e-09	4.617116e+01	9.178600e+02
1.890000e-06	7.596847e-10	7.687698e-09	4.661255e+01	9.201631e+02
1.900000e-06	7.667460e-10	7.706572e-09	4.704578e+01	9.223808e+02
1.910000e-06	7.736792e-10	7.724743e-09	4.747114e+01	9.245183e+02
1.920000e-06	7.804791e-10	7.742632e-09	4.788833e+01	9.265813e+02
1.930000e-06	7.871325e-10	7.760023e-09	4.829653e+01	9.285752e+02
1.940000e-06	7.936364e-10	7.777244e-09	4.869555e+01	9.305050e+02
1.950000e-06	8.000010e-10	7.794311e-09	4.908603e+01	9.323752e+02
1.960000e-06	8.062351e-10	7.810778e-09	4.946850e+01	9.341898e+02
1.970000e-06	8.123422e-10	7.826000e-09	4.984319e+01	9.359517e+02
1.980000e-06	8.183140e-10	7.840694e-09	5.020956e+01	9.376633e+02
1.990000e-06	8.241316e-10	7.855350e-09	5.056646e+01	9.393259e+02
2.000000e-06	8.297930e-10	7.869974e-09	5.091379e+01	9.409400e+02
2.010000e-06	8.353073e-10	7.884568e-09	5.125209e+01	9.425052e+02
2.020000e-06	8.406704e-10	7.898874e-09	5.158111e+01	9.440208e+02
2.030000e-06	8.458651e-10	7.912724e-09	5.189979e+01	9.454854e+02
2.040000e-06	8.508812e-10	7.925770e-09	5.220751e+01	9.468975e+02
2.050000e-06	8.557324e-10	7.938327e-09	5.250514e+01	9.482555e+02
2.060000e-06	8.604384e-10	7.949826e-09	5.279385e+01	9.495579e+02
2.070000e-06	8.650079e-10	7.960728e-09	5.307419e+01	9.508037e+02
2.080000e-06	8.694395e-10	7.972367e-09	5.334606e+01	9.519924e+02
2.090000e-06	8.737139e-10	7.984319e-09	5.360829e+01	9.531241e+02
2.100000e-06	8.778249e-10	7.995408e-09	5.386049e+01	9.541994e+02
2.110000e-06	8.817883e-10	8.005689e-09	5.410363e+01	9.552199e+02
2.120000e-06	8.856096e-10	8.016023e-09	5.433806e+01	9.561876e+02
2.130000e-06	8.892898e-10	8.026204e-09	5.456383e+01	9.571051e+02
2.140000e-06	8.928159e-10	8.035456e-09	5.478015e+01	9.579753e+02
2.150000e-06	8.961728e-10	8.042966e-09	5.498608e+01	9.588014e+02
2.160000e-06	8.993746e-10	8.049712e-09	5.518250e+01	9.595866e+02
2.170000e-06	9.024319e-10	8.057299e-09	5.537005e+01	9.603337e+02
2.180000e-06	9.053452e-10	8.065997e-09	5.554877e+01	9.610455e+02
2.190000e-06	9.081022e-10	8.075179e-09	5.571789e+01	9.617240e+02
2.200000e-06	9.106806e-10	8.083946e-09	5.587605e+01	9.623706e+02
2.210000e-06	9.130896e-10	8.091829e-09	5.602382e+01	9.629860e+02
2.220000e-06	9.153458e-10	8.098007e-09	5.616222e+01	9.635702e+02
2.230000e-06	9.174548e-10	8.101857e-09	5.629160e+01	9.641226e+02
2.240000e-06	9.194138e-10	8.104500e-09	5.641176e+01	9.646418e+02
2.250000e-06	9.212057e-10	8.107843e-09	5.652166e+01	9.651260e+02
2.260000e-06	9.228252e-10	8.112847e-09	5.662100e+01	9.655732e+02
2.270000e-06	9.242764e-10	8.119228e-09	5.671001e+01	9.659812e+02
2.280000e-06	9.255546e-10	8.125308e-09	5.678840e+01	9.663480e+02
2.290000e-06	9.266450e-10	8.131067e-09	5.685526e+01	9.666717e+02
2.300000e-06	9.275508e-10	8.136845e-09	5.691080e+01	9.669512e+02
2.310000e-06	9.282947e-10	8.141180e-09	5.695641e+01	9.671856e+02
2.320000e-06	9.288865e-10	8.143683e-09	5.699269e+01	9.673750e+02
2.330000e-06	9.293242e-10	8.145291e-09	5.701951e+01	9.675201e+02
2.340000e-06	9.295907e-10	8.146975e-09	5.703582e+01	9.676225e+02
2.350000e-06	9.296833e-10	8.148855e-09	5.704146e+01	9.676840e+02
2.360000e-06	9.296217e-10	8.152369e-09	5.703765e+01	9.677072e+02
2.370000e-06	9.294160e-10	8.154650e-09	5.702500e+01	9.676950e+02
2.380000e-06	9.290722e-10	8.151332e-09	5.700387e+01	9.676501e+02
2.390000e-06	9.285722e-10	8.151111e-09	5.697315e+01	9.675753e+02
2.400000e-06	9.279058e-10	8.153592e-09	5.693223e+01	9.674728e+02
2.410000e-06	9.270950e-10	8.152477e-09	5.688246e+01	9.673443e+02
2.420000e-06	9.261390e-10	8.152031e-09	5.682377e+01	9.671906e+02
2.430000e-06	9.250290e-10	8.164823e-09	5.675564e+01	9.670115e+02
2.440000e-06	9.237606e-10	8.186233e-09	5.667778e+01	9.668058e+02
2.450000e-06	9.223103e-10	8.110124e-09	5.658876e+01	9.665713e+02
2.460000e-06	9.206356e-10	8.018722e-09	5.648595e+01	9.663046e+02
2.470000e-06	9.187156e-10	8.057535e-09	5.636810e+01	9.660016e+02
2.480000e-06	9.165788e-10	8.085934e-09	5.623695e+01	9.656573e+02
2.490000e-06	9.143115e-10	8.202450e-09	5.609782e+01	9.652665e+02
2.500000e-06	9.120090e-10	8.245117e-09	5.595653e+01	9.648235e+02
2.510000e-06	9.096047e-10	8.062472e-09	5.580898e+01	9.643229e+02
2.520000e-06	9.070225e-10	8.166927e-09	5.565051e+01	9.637597e+02
2.530000e-06	9.043386e-10	8.194759e-09	5.548582e+01	9.631295e+02
2.540000e-06	9.014963e-10	8.025638e-09	5.531138e+01	9.624289e+02
2.550000e-06	8.984279e-10	8.201478e-09	5.512308e+01	9.616556e+02
2.560000e-06	8.952010e-10	8.179881e-09	5.492505e+01	9.608084e+02
2.570000e-06	8.917843e-10	8.062559e-09	5.471537e+01	9.598877e+02
2.580000e-06	8.882289e-10	8.209263e-09	5.449721e+01	9.588947e+02
2.590000e-06	8.845945e-10	8.098970e-09	5.427419e+01	9.578322e+02
2.600000e-06	8.807866e-10	8.090547e-09	5.404050e+01	9.567036e+02
2.610000e-06	8.768089e-10	8.153456e-09	5.379642e+01	9.555131e+02
2.620000e-06	8.726620e-10	8.009712e-09	5.354195e+01	9.542654e+02
2.630000e-06	8.683431e-10	8.107229e-09	5.327693e+01	9.529653e+02
2.640000e-06	8.638950e-10	8.092311e-09	5.300399e+01	9.516172e+02
2.650000e-06	8.592698e-10	8.058840e-09	5.272017e+01	9.502252e+02
2.660000e-06	8.544958e-10	8.116092e-09	5.242724e+01	9.487924e+02
2.670000e-06	8.495901e-10	7.996536e-09	5.212622e+01	9.473211e+02
2.680000e-06	8.445160e-10	8.015645e-09	5.181486e+01	9.458122e+02
2.690000e-06	8.392829e-10	7.982987e-09	5.149374e+01	9.442656e+02
2.700000e-06	8.338365e-10	8.000340e-09	5.115953e+01	9.426800e+02
2.710000e-06	8.282077e-10	8.034847e-09	5.081414e+01	9.410528e+02
2.720000e-06	8.224494e-10	7.949519e-09	5.046080e+01	9.393806e+02
2.730000e-06	8.165585e-10	8.017758e-09	5.009934e+01	9.376595e+02
2.740000e-06	8.105399e-10	7.935766e-09	4.973003e+01	9.358849e+02
2.750000e-06	8.043502e-10	7.883240e-09	4.935021e+01	9.340523e+02
2.760000e-06	7.980094e-10	7.885771e-09	4.896113e+01	9.321573e+02
2.770000e-06	7.915342e-10	7.844931e-09	4.856380e+01	9.301962e+02
2.780000e-06	7.849124e-10	7.906383e-09	4.815748e+01	9.281660e+02
2.790000e-06	7.781462e-10	7.867103e-09	4.774230e+01	9.260646e+02
2.800000e-06	7.712247e-10	7.856098e-09	4.731760e+01	9.238910e+02
2.810000e-06	7.641875e-10	7.813053e-09	4.688581e+01	9.216454e+02
2.820000e-06	7.570371e-10	7.776545e-09	4.644707e+01	9.193289e+02
2.830000e-06	7.497510e-10	7.771456e-09	4.599999e+01	9.169435e+02
2.840000e-06	7.423138e-10	7.720621e-09	4.554364e+01	9.144921e+02
2.850000e-06	7.347208e-10	7.732937e-09	4.507775e+01	9.119776e+02
2.860000e-06	7.269945e-10	7.714655e-09	4.460368e+01	9.094032e+02
2.870000e-06	7.191268e-10	7.722723e-09	4.412092e+01	9.067717e+02
2.880000e-06	7.111291e-10	7.689588e-09	4.363019e+01	9.040851e+02
2.890000e-06	7.030184e-10	7.630913e-09	4.313252e+01	9.013445e+02
2.900000e-06	6.948028e-10	7.604291e-09	4.262842e+01	8.985497e+02
2.910000e-06	6.864756e-10	7.579626e-09	4.211747e+01	8.956987e+02
2.920000e-06	6.780164e-10	7.578817e-09	4.159842e+01	8.927884e+02
2.930000e-06	6.694276e-10	7.548593e-09	4.107142e+01	8.898137e+02
2.940000e-06	6.607163e-10	7.526802e-09	4.053690e+01	8.867680e+02
2.950000e-06	6.518985e-10	7.495835e-09	3.999584e+01	8.836437e+02
2.960000e-06	6.429765e-10	7.470751e-09	3.944839e+01	8.804319e+02
2.970000e-06	6.339425e-10	7.436761e-09	3.889408e+01	8.771232e+02
2.980000e-06	6.247917e-10	7.393829e-09	3.833260e+01	8.737080e+02
2.990000e-06	6.155271e-10	7.370579e-09	3.776414e+01	8.701770e+02
3.000000e-06	6.061528e-10	7.351564e-09	3.718894e+01	8.665214e+02
3.010000e-06	5.966596e-10	7.328986e-09	3.660645e+01	8.627337e+02
3.020000e-06	5.870513e-10	7.281941e-09	3.601690e+01	8.588078e+02
3.030000e-06	5.773430e-10	7.237726e-09	3.542121e+01	8.547393e+02
3.040000e-06	5.675455e-10	7.202157e-09	3.482005e+01	8.505254e+02
3.050000e-06	5.576511e-10	7.174145e-09	3.421294e+01	8.461654e+02
3.060000e-06	5.476484e-10	7.136330e-09	3.359919e+01	8.416601e+02
3.070000e-06	5.375405e-10	7.093731e-09	3.297899e+01	8.370116e+02
3.080000e-06	5.273350e-10	7.059334e-09	3.235280e+01	8.322231e+02
3.090000e-06	5.170307e-10	7.024421e-09	3.172054e+01	8.272984e+02
3.100000e-06	5.066262e-10	6.979340e-09	3.108214e+01	8.222411e+02
3.110000e-06	4.961357e-10	6.922380e-09	3.043846e+01	8.170542e+02
3.120000e-06	4.855721e-10	6.873267e-09	2.979029e+01	8.117396e+02
3.130000e-06	4.749352e-10	6.837181e-09	2.913764e+01	8.062974e+02
3.140000e-06	4.642164e-10	6.803602e-09	2.847996e+01	8.007254e+02
3.150000e-06	4.534148e-10	6.757661e-09	2.781721e+01	7.950189e+02
3.160000e-06	4.425422e-10	6.703760e-09	2.715009e+01	7.891706e+02
3.170000e-06	4.316028e-10	6.651192e-09	2.647888e+01	7.831703e+02
3.180000e-06	4.205862e-10	6.600312e-09	2.580295e+01	7.770049e+02
3.190000e-06	4.094835e-10	6.544015e-09	2.512173e+01	7.706591e+02
3.200000e-06	3.983065e-10	6.482324e-09	2.443595e+01	7.641156e+02
3.210000e-06	3.870680e-10	6.425568e-09	2.374639e+01	7.573556e+02
3.220000e-06	3.757647e-10	6.375253e-09	2.305285e+01	7.503594e+02
3.230000e-06	3.643865e-10	6.320448e-09	2.235473e+01	7.431071e+02
3.240000e-06	3.529339e-10	6.254051e-09	2.165204e+01	7.355794e+02
3.250000e-06	3.414154e-10	6.182501e-09	2.094530e+01	7.277578e+02
3.260000e-06	3.298353e-10	6.112639e-09	2.023478e+01	7.196254e+02
3.270000e-06	3.181925e-10	6.043359e-09	1.952042e+01	7.111667e+02
3.280000e-06	3.064879e-10	5.968225e-09	1.880226e+01	7.023684e+02
3.290000e-06	2.947266e-10	5.886987e-09	1.808063e+01	6.932187e+02
3.300000e-06	2.829132e-10	5.807251e-09	1.735580e+01	6.837069e+02
3.310000e-06	2.710482e-10	5.729190e-09	1.662780e+01	6.738231e+02
3.320000e-06	2.591290e-10	5.645713e-09	1.589648e+01	6.635568e+02
3.330000e-06	2.471548e-10	5.553441e-09	1.516179e+01	6.528966e+02
3.340000e-06	2.351312e-10	5.457704e-09	1.442405e+01	6.418281e+02
3.350000e-06	2.230672e-10	5.365913e-09	1.368383e+01	6.303334e+02
3.360000e-06	2.109696e-10	5.273858e-09	1.294156e+01	6.183894e+02
3.370000e-06	1.988396e-10	5.172537e-09	1.219730e+01	6.059666e+02
3.380000e-06	1.866764e-10	5.059621e-09	1.145100e+01	5.930285e+02
3.390000e-06	1.744802e-10	4.940267e-09	1.070266e+01	5.795304e+02
3.400000e-06	1.622516e-10	4.818532e-09	9.952352e+00	5.654192e+02
3.410000e-06	1.499895e-10	4.692628e-09	9.200001e+00	5.506332e+02
3.420000e-06	1.376942e-10	4.560283e-09	8.445620e+00	5.351032e+02
3.430000e-06	1.253704e-10	4.423498e-09	7.689478e+00	5.187524e+02
3.440000e-06	1.130238e-10	4.283621e-09	6.931939e+00	5.014987e+02
3.450000e-06	1.006578e-10	4.135888e-09	6.173222e+00	4.832564e+02
3.460000e-06	8.827275e-11	3.973703e-09	5.413343e+00	4.639383e+02
3.470000e-06	7.587140e-11	3.795468e-09	4.652456e+00	4.434587e+02
3.480000e-06	6.345879e-11	3.606928e-09	3.890871e+00	4.217365e+02
3.490000e-06	5.103816e-11	3.412854e-09	3.128797e+00	3.986980e+02
3.500000e-06	3.860941e-11	3.211592e-09	2.366232e+00	3.742808e+02
3.510000e-06	2.617450e-11	2.999289e-09	1.603290e+00	3.484367e+02
3.520000e-06	1.373909e-11	2.773817e-09	8.403072e-01	3.211346e+02
3.530000e-06	1.306555e-12	2.536433e-09	7.749676e-02	2.923633e+02
3.540000e-06	-1.112356e-11	2.286663e-09	-6.851502e-01	2.621341e+02
3.550000e-06	-2.355000e-11	2.020709e-09	-1.447564e+00	2.304819e+02
3.560000e-06	-3.596782e-11	1.738434e-09	-2.209458e+00	1.974666e+02
3.570000e-06	-4.837402e-11	1.445177e-09	-2.970643e+00	1.631733e+02
3.580000e-06	-6.076741e-11	1.145609e-09	-3.731036e+00	1.277117e+02
3.590000e-06	-7.314714e-11	8.380386e-10	-4.490585e+00	9.121526e+01
3.600000e-06	-8.551073e-11	5.196051e-10	-5.249150e+00	5.383865e+01
3.610000e-06	-9.785408e-11	1.929568e-10	-6.006482e+00	1.575556e+01
3.620000e-06	-1.101741e-10	-1.352073e-10	-6.762381e+00	-2.284485e+01
3.630000e-06	-1.224702e-10	-4.625486e-10	-7.516808e+00	-6.176162e+01
3.640000e-06	-1.347422e-10	-7.923152e-10	-8.269759e+00	-1.007862e+02
3.650000e-06	-1.469870e-10	-1.124144e-09	-9.021050e+00	-1.397070e+02
3.660000e-06	-1.592017e-10	-1.452930e-09	-9.770504e+00	-1.783137e+02
3.670000e-06	-1.713865e-10	-1.774247e-09	-1.051812e+01	-2.164017e+02
3.680000e-06	-1.835439e-10	-2.088828e-09	-1.126404e+01	-2.537764e+02
3.690000e-06	-1.956745e-10	-2.398082e-09	-1.200832e+01	-2.902571e+02
3.700000e-06	-2.077770e-10	-2.698350e-09	-1.275090e+01	-3.256805e+02
3.710000e-06	-2.198504e-10	-2.985915e-09	-1.349167e+01	-3.599030e+02
3.720000e-06	-2.318913e-10	-3.261247e-09	-1.423044e+01	-3.928036e+02
3.730000e-06	-2.438952e-10	-3.527201e-09	-1.496693e+01	-4.242846e+02
3.740000e-06	-2.558553e-10	-3.784676e-09	-1.570074e+01	-4.542729e+02
3.750000e-06	-2.677657e-10	-4.030711e-09	-1.643151e+01	-4.827197e+02
3.760000e-06	-2.796246e-10	-4.261845e-09	-1.715911e+01	-5.095998e+02
3.770000e-06	-2.914321e-10	-4.478740e-09	-1.788357e+01	-5.349106e+02
3.780000e-06	-3.031882e-10	-4.684176e-09	-1.860488e+01	-5.586698e+02
3.790000e-06	-3.148902e-10	-4.877600e-09	-1.932285e+01	-5.809136e+02
3.800000e-06	-3.265332e-10	-5.055674e-09	-2.003720e+01	-6.016938e+02
3.810000e-06	-3.381126e-10	-5.219892e-09	-2.074762e+01	-6.210748e+02
3.820000e-06	-3.496229e-10	-5.374278e-09	-2.145381e+01	-6.391313e+02
3.830000e-06	-3.610574e-10	-5.520686e-09	-2.215535e+01	-6.559448e+02
3.840000e-06	-3.724120e-10	-5.657228e-09	-2.285199e+01	-6.716010e+02
3.850000e-06	-3.836887e-10	-5.782869e-09	-2.354386e+01	-6.861875e+02
3.860000e-06	-3.948912e-10	-5.897650e-09	-2.423118e+01	-6.997911e+02
3.870000e-06	-4.060178e-10	-6.005631e-09	-2.491382e+01	-7.124960e+02
3.880000e-06	-4.170641e-10	-6.107889e-09	-2.559154e+01	-7.243824e+02
3.890000e-06	-4.280285e-10	-6.200995e-09	-2.626425e+01	-7.355252e+02
3.900000e-06	-4.389137e-10	-6.288137e-09	-2.693211e+01	-7.459929e+02
3.910000e-06	-4.497235e-10	-6.372210e-09	-2.759533e+01	-7.558477e+02
3.920000e-06	-4.604591e-10	-6.453423e-09	-2.825401e+01	-7.651452e+02
3.930000e-06	-4.711177e-10	-6.530457e-09	-2.890798e+01	-7.739341e+02
3.940000e-06	-4.816970e-10	-6.602503e-09	-2.955706e+01	-7.822575e+02
3.950000e-06	-4.921962e-10	-6.669894e-09	-3.020123e+01	-7.901526e+02
3.960000e-06	-5.026107e-10	-6.734699e-09	-3.084020e+01	-7.976519e+02
3.970000e-06	-5.129304e-10	-6.796766e-09	-3.147335e+01	-8.047837e+02
3.980000e-06	-5.231490e-10	-6.855739e-09	-3.210030e+01	-8.115730e+02
3.990000e-06	-5.332668e-10	-6.912202e-09	-3.272107e+01	-8.180419e+02
4.000000e-06	-5.432858e-10	-6.967162e-09	-3.333576e+01	-8.242106e+02
4.010000e-06	-5.532060e-10	-7.021783e-09	-3.394441e+01	-8.300974e+02
4.020000e-06	-5.630296e-10	-7.073860e-09	-3.454713e+01	-8.357197e+02
4.030000e-06	-5.727623e-10	-7.120818e-09	-3.514426e+01	-8.410936e+02
4.040000e-06	-5.824074e-10	-7.164789e-09	-3.573604e+01	-8.462347e+02
4.050000e-06	-5.919626e-10	-7.208767e-09	-3.632230e+01	-8.511576e+02
4.060000e-06	-6.014204e-10	-7.252207e-09	-3.690258e+01	-8.558764e+02
4.070000e-06	-6.107736e-10	-7.294108e-09	-3.747644e+01	-8.604040e+02
4.080000e-06	-6.200189e-10	-7.334516e-09	-3.804367e+01	-8.647528e+02
4.090000e-06	-6.291527e-10	-7.374783e-09	-3.860406e+01	-8.689338e+02
4.100000e-06	-6.381729e-10	-7.414363e-09	-3.915749e+01	-8.729570e+02
4.110000e-06	-6.470840e-10	-7.449875e-09	-3.970421e+01	-8.768312e+02
4.120000e-06	-6.558884e-10	-7.481092e-09	-4.024439e+01	-8.805640e+02
4.130000e-06	-6.645819e-10	-7.510993e-09	-4.077775e+01	-8.841619e+02
4.140000e-06	-6.731578e-10	-7.542432e-09	-4.130391e+01	-8.876303e+02
4.150000e-06	-6.816117e-10	-7.575016e-09	-4.182259e+01	-8.909734e+02
4.160000e-06	-6.899442e-10	-7.605648e-09	-4.233383e+01	-8.941952e+02
4.170000e-06	-6.981630e-10	-7.633933e-09	-4.283810e+01	-8.972987e+02
4.180000e-06	-7.062714e-10	-7.661355e-09	-4.333558e+01	-9.002868e+02
4.190000e-06	-7.142630e-10	-7.688076e-09	-4.382589e+01	-9.031623e+02
4.200000e-06	-7.221279e-10	-7.713124e-09	-4.430842e+01	-9.059282e+02
4.210000e-06	-7.298547e-10	-7.736158e-09	-4.478249e+01	-9.085877e+02
4.220000e-06	-7.374345e-10	-7.757994e-09	-4.524753e+01	-9.111443e+02
4.230000e-06	-7.448665e-10	-7.780276e-09	-4.570349e+01	-9.136023e+02
4.240000e-06	-7.521584e-10	-7.800575e-09	-4.615087e+01	-9.159663e+02
4.250000e-06	-7.593177e-10	-7.818089e-09	-4.659011e+01	-9.182411e+02
4.260000e-06	-7.663392e-10	-7.835280e-09	-4.702089e+01	-9.204321e+02
4.270000e-06	-7.732136e-10	-7.853343e-09	-4.744264e+01	-9.225449e+02
4.280000e-06	-7.799422e-10	-7.872910e-09	-4.785545e+01	-9.245850e+02
4.290000e-06	-7.865351e-10	-7.892097e-09	-4.825993e+01	-9.265576e+02
4.300000e-06	-7.929987e-10	-7.908850e-09	-4.865649e+01	-9.284676e+02
4.310000e-06	-7.993301e-10	-7.923602e-09	-4.904492e+01	-9.303195e+02
4.320000e-06	-8.055161e-10	-7.938138e-09	-4.942443e+01	-9.321167e+02
4.330000e-06	-8.115475e-10	-7.951086e-09	-4.979446e+01	-9.338622e+02
4.340000e-06	-8.174339e-10	-7.961665e-09	-5.015560e+01	-9.355579e+02
4.350000e-06	-8.231869e-10	-7.971842e-09	-5.050856e+01	-9.372047e+02
4.360000e-06	-8.288045e-10	-7.984263e-09	-5.085319e+01	-9.388031e+02
4.370000e-06	-8.342722e-10	-7.999175e-09	-5.118862e+01	-9.403523e+02
4.380000e-06	-8.395705e-10	-8.013616e-09	-5.151366e+01	-9.418515e+02
4.390000e-06	-8.446968e-10	-8.025672e-09	-5.182815e+01	-9.432993e+02
4.400000e-06	-8.496596e-10	-8.035888e-09	-5.213260e+01	-9.446939e+02
4.410000e-06	-8.544541e-10	-8.045575e-09	-5.242672e+01	-9.460339e+02
4.420000e-06	-8.590815e-10	-8.054256e-09	-5.271059e+01	-9.473180e+02
4.430000e-06	-8.635628e-10	-8.061281e-09	-5.298552e+01	-9.485452e+02
4.440000e-06	-8.679151e-10	-8.067421e-09	-5.325254e+01	-9.497153e+02
4.450000e-06	-8.721405e-10	-8.075133e-09	-5.351176e+01	-9.508285e+02
4.460000e-06	-8.762337e-10	-8.085042e-09	-5.376287e+01	-9.518858e+02
4.470000e-06	-8.801884e-10	-8.094240e-09	-5.400547e+01	-9.528888e+02
4.480000e-06	-8.839899e-10	-8.100992e-09	-5.423868e+01	-9.538399e+02
4.490000e-06	-8.876239e-10	-8.106816e-09	-5.446161e+01	-9.547417e+02
4.500000e-06	-8.910999e-10	-8.112459e-09	-5.467485e+01	-9.555972e+02
4.510000e-06	-8.944308e-10	-8.117572e-09	-5.487918e+01	-9.564097e+02
4.520000e-06	-8.976128e-10	-8.121613e-09	-5.507438e+01	-9.571822e+02
4.530000e-06	-9.006314e-10	-8.125058e-09	-5.525955e+01	-9.579176e+02
4.540000e-06	-9.034775e-10	-8.129109e-09	-5.543414e+01	-9.586184e+02
4.550000e-06	-9.061644e-10	-8.133017e-09	-5.559897e+01	-9.592864e+02
4.560000e-06	-9.087015e-10	-8.136383e-09	-5.575461e+01	-9.599229e+02
4.570000e-06	-9.110855e-10	-8.138758e-09	-5.590084e+01	-9.605283e+02
4.580000e-06	-9.133051e-10	-8.142689e-09	-5.603699e+01	-9.611023e+02
4.590000e-06	-9.153506e-10	-8.148317e-09	-5.616246e+01	-9.616441e+02
4.600000e-06	-9.172353e-10	-8.153614e-09	-5.627807e+01	-9.621522e+02
4.610000e-06	-9.189709e-10	-8.157319e-09	-5.638453e+01	-9.626246e+02
4.620000e-06	-9.205525e-10	-8.158259e-09	-5.648154e+01	-9.630593e+02
4.630000e-06	-9.219606e-10	-8.158158e-09	-5.656789e+01	-9.634541e+02
4.640000e-06	-9.231774e-10	-8.157655e-09	-5.664251e+01	-9.638070e+02
4.650000e-06	-9.242141e-10	-8.157100e-09	-5.670607e+01	-9.641164e+02
4.660000e-06	-9.250911e-10	-8.156570e-09	-5.675985e+01	-9.643811e+02
4.670000e-06	-9.258128e-10	-8.156745e-09	-5.680409e+01	-9.646008e+02
4.680000e-06	-9.263635e-10	-8.158701e-09	-5.683784e+01	-9.647756e+02
4.690000e-06	-9.267408e-10	-8.160944e-09	-5.686096e+01	-9.649066e+02
4.700000e-06	-9.269637e-10	-8.161423e-09	-5.687460e+01	-9.649953e+02
4.710000e-06	-9.270386e-10	-8.158710e-09	-5.687916e+01	-9.650440e+02
