# Configuracion:
# Concentracion g/m^3_=_19900.0
# C_Vs_to_Am_M_A/Vsm_=_116720831517.84952
# pendiente_HvsI_1/m_=_3716.3
# ordenada_HvsI_A/m_=_1297.0
# frecuencia_ref_Hz_=_212186.32205887767
# 
Resultados:
# tau_s_=_(5.93+/-0.99)e+01
# dphi_rad_=_6.36+/-0.01
# SAR_W/g_=_208.53+/-39.18
# Hc_kA/m_=_6.23+/-0.86
# Mr_A/m_=_288.84+/-55.13
# Suceptibilidad_a_M=0_=_0.0511+/-0.0056
# t_hasta_1er_file_=_126.80
# Duracion_T_Fase_=_72.63
# 1er_file_T_Fase_=_212kHz_150dA_100Mss_bobN1NE5X0066.txt
# last_file_T_Fase_=_212kHz_150dA_100Mss_bobN1NE5X0201.txt

Nombre_archivo	Time_m_(s)	Temperatura_(ºC)	Mr_(A/m)	Hc_(kA/m)	Campo_max_(A/m)	Mag_max_(A/m)	f0	mag0	dphi0	SAR_(W/g)	Tau_(ns)	N	xi_M_0
212kHz_150dA_100Mss_bobN1NE5X0010.txt	126.8	-28.70	174.30	4.84	57041.50	906.21	2.121791e+05	2.783392e+01	6.342243e+00	146.55	44.350341	4713	3.826e-02
212kHz_150dA_100Mss_bobN1NE5X0011.txt	127.31	-27.52	172.65	4.75	57041.50	900.39	2.121791e+05	2.771338e+01	6.341077e+00	143.04	43.473027	4713	3.855e-02
212kHz_150dA_100Mss_bobN1NE5X0012.txt	127.82	-26.25	171.52	4.76	57041.50	890.31	2.121791e+05	2.741837e+01	6.340672e+00	140.53	43.167566	4713	3.842e-02
212kHz_150dA_100Mss_bobN1NE5X0013.txt	128.33	-24.94	169.71	4.72	57041.50	879.72	2.121791e+05	2.712986e+01	6.340229e+00	137.98	42.834552	4713	3.832e-02
212kHz_150dA_100Mss_bobN1NE5X0014.txt	128.83	-23.64	170.94	4.74	57041.50	890.01	2.121791e+05	2.739175e+01	6.341136e+00	141.53	43.517500	4713	3.826e-02
212kHz_150dA_100Mss_bobN1NE5X0015.txt	129.32	-22.37	165.24	4.62	57041.50	869.41	2.121791e+05	2.680838e+01	6.337558e+00	129.97	40.824842	4713	3.795e-02
212kHz_150dA_100Mss_bobN1NE5X0016.txt	129.83	-21.04	166.93	4.70	57041.50	854.88	2.121791e+05	2.644496e+01	6.341117e+00	136.59	43.503063	4713	3.769e-02
212kHz_150dA_100Mss_bobN1NE5X0017.txt	130.32	-19.83	165.37	4.60	57041.50	859.01	2.121791e+05	2.657512e+01	6.338092e+00	130.10	41.226844	4713	3.820e-02
212kHz_150dA_100Mss_bobN1NE5X0018.txt	130.83	-18.61	164.06	4.59	57041.50	853.77	2.121791e+05	2.640077e+01	6.338498e+00	130.20	41.532149	4713	3.791e-02
212kHz_150dA_100Mss_bobN1NE5X0019.txt	131.86	-16.48	161.96	4.57	57041.50	837.83	2.121791e+05	2.596717e+01	6.338325e+00	127.66	41.402324	4713	3.756e-02
212kHz_150dA_100Mss_bobN1NE5X0020.txt	132.37	-15.57	161.16	4.59	57041.50	823.74	2.121791e+05	2.556910e+01	6.338868e+00	126.94	41.810448	4713	3.723e-02
212kHz_150dA_100Mss_bobN1NE5X0021.txt	132.88	-14.70	160.42	4.50	57041.50	831.60	2.121791e+05	2.581904e+01	6.337097e+00	124.11	40.477889	4713	3.763e-02
212kHz_150dA_100Mss_bobN1NE5X0022.txt	133.38	-13.85	159.06	4.47	57041.50	833.89	2.121791e+05	2.585837e+01	6.336281e+00	122.42	39.864053	4713	3.755e-02
212kHz_150dA_100Mss_bobN1NE5X0023.txt	133.88	-13.00	159.79	4.49	57041.50	830.86	2.121791e+05	2.577453e+01	6.337354e+00	124.49	40.671757	4713	3.766e-02
212kHz_150dA_100Mss_bobN1NE5X0024.txt	134.39	-12.22	159.20	4.49	57041.50	824.08	2.121791e+05	2.561229e+01	6.338103e+00	125.41	41.235415	4713	3.754e-02
212kHz_150dA_100Mss_bobN1NE5X0025.txt	134.92	-11.42	154.78	4.34	57041.50	819.53	2.121791e+05	2.548077e+01	6.333293e+00	113.85	37.616967	4713	3.767e-02
212kHz_150dA_100Mss_bobN1NE5X0026.txt	135.42	-10.71	155.54	4.39	57041.50	815.26	2.121791e+05	2.535421e+01	6.334379e+00	115.74	38.434036	4713	3.744e-02
212kHz_150dA_100Mss_bobN1NE5X0027.txt	135.91	-10.03	154.45	4.39	57041.50	811.19	2.121791e+05	2.522196e+01	6.334437e+00	115.27	38.478107	4713	3.705e-02
212kHz_150dA_100Mss_bobN1NE5X0028.txt	136.42	-9.35	156.04	4.40	57041.50	814.26	2.121791e+05	2.534905e+01	6.336233e+00	119.90	39.828236	4713	3.736e-02
212kHz_150dA_100Mss_bobN1NE5X0029.txt	137.01	-8.59	155.23	4.37	57041.50	812.22	2.121791e+05	2.529462e+01	6.335179e+00	117.27	39.034932	4713	3.750e-02
212kHz_150dA_100Mss_bobN1NE5X0030.txt	137.53	-7.80	154.88	4.40	57041.50	809.89	2.121791e+05	2.519722e+01	6.335892e+00	118.42	39.571645	4713	3.703e-02
212kHz_150dA_100Mss_bobN1NE5X0031.txt	138.05	-7.05	152.85	4.29	57041.50	820.73	2.121791e+05	2.550590e+01	6.332347e+00	111.81	36.906318	4713	3.748e-02
212kHz_150dA_100Mss_bobN1NE5X0032.txt	138.55	-6.60	154.73	4.42	57041.50	803.33	2.121791e+05	2.500765e+01	6.335428e+00	116.49	39.223090	4713	3.695e-02
212kHz_150dA_100Mss_bobN1NE5X0033.txt	139.06	-6.15	154.73	4.38	57041.50	812.06	2.121791e+05	2.527913e+01	6.335110e+00	117.04	38.983882	4713	3.736e-02
212kHz_150dA_100Mss_bobN1NE5X0034.txt	139.56	-5.75	155.37	4.40	57041.50	811.17	2.121791e+05	2.523593e+01	6.335411e+00	117.52	39.209726	4713	3.721e-02
212kHz_150dA_100Mss_bobN1NE5X0035.txt	140.1	-5.33	155.49	4.47	57041.50	795.34	2.121791e+05	2.479460e+01	6.337284e+00	119.60	40.618243	4713	3.669e-02
212kHz_150dA_100Mss_bobN1NE5X0036.txt	140.62	-4.97	154.35	4.38	57041.50	802.41	2.121791e+05	2.500432e+01	6.334565e+00	114.56	38.573928	4713	3.717e-02
212kHz_150dA_100Mss_bobN1NE5X0037.txt	141.13	-4.62	156.79	4.46	57041.50	806.76	2.121791e+05	2.513514e+01	6.336963e+00	120.52	40.377131	4713	3.706e-02
212kHz_150dA_100Mss_bobN1NE5X0038.txt	142.16	-4.00	158.40	4.44	57041.50	809.88	2.121791e+05	2.527346e+01	6.335885e+00	118.76	39.566264	4713	3.768e-02
212kHz_150dA_100Mss_bobN1NE5X0039.txt	142.68	-3.69	158.96	4.46	57041.50	814.77	2.121791e+05	2.538189e+01	6.335392e+00	118.15	39.195526	4713	3.774e-02
212kHz_150dA_100Mss_bobN1NE5X0040.txt	143.22	-3.41	164.16	4.57	57041.50	823.43	2.121791e+05	2.565589e+01	6.339124e+00	127.96	42.003062	4713	3.804e-02
212kHz_150dA_100Mss_bobN1NE5X0041.txt	143.74	-3.20	163.36	4.56	57041.50	810.81	2.121791e+05	2.532552e+01	6.337261e+00	122.11	40.601380	4713	3.799e-02
212kHz_150dA_100Mss_bobN1NE5X0042.txt	144.25	-3.00	164.01	4.53	57041.50	813.91	2.121791e+05	2.544932e+01	6.336097e+00	120.07	39.725930	4713	3.840e-02
212kHz_150dA_100Mss_bobN1NE5X0043.txt	144.77	-2.79	167.50	4.57	57041.50	824.59	2.121791e+05	2.575348e+01	6.336978e+00	123.52	40.388390	4713	3.878e-02
212kHz_150dA_100Mss_bobN1NE5X0044.txt	145.28	-2.62	169.49	4.62	57041.50	818.33	2.121791e+05	2.560212e+01	6.337324e+00	123.59	40.648901	4713	3.895e-02
212kHz_150dA_100Mss_bobN1NE5X0045.txt	145.8	-2.46	172.89	4.71	57041.50	825.95	2.121791e+05	2.579477e+01	6.338819e+00	127.95	41.774099	4713	3.910e-02
212kHz_150dA_100Mss_bobN1NE5X0046.txt	146.31	-2.34	176.89	4.75	57041.50	826.87	2.121791e+05	2.586302e+01	6.338729e+00	128.08	41.706215	4713	3.971e-02
212kHz_150dA_100Mss_bobN1NE5X0047.txt	146.8	-2.24	181.88	4.86	57041.50	827.44	2.121791e+05	2.593133e+01	6.341806e+00	135.53	44.021678	4713	4.006e-02
212kHz_150dA_100Mss_bobN1NE5X0048.txt	147.31	-2.14	185.81	4.93	57041.50	820.36	2.121791e+05	2.576346e+01	6.342585e+00	136.44	44.607420	4713	4.048e-02
212kHz_150dA_100Mss_bobN1NE5X0049.txt	147.81	-2.04	190.75	4.99	57041.50	831.66	2.121791e+05	2.610276e+01	6.343011e+00	139.23	44.928934	4713	4.117e-02
212kHz_150dA_100Mss_bobN1NE5X0050.txt	148.34	-1.93	194.60	5.04	57041.50	838.28	2.121791e+05	2.628393e+01	6.342662e+00	139.37	44.665939	4713	4.169e-02
212kHz_150dA_100Mss_bobN1NE5X0051.txt	148.84	-1.83	199.87	5.07	57041.50	840.91	2.121791e+05	2.641576e+01	6.342445e+00	139.56	44.502125	4713	4.254e-02
212kHz_150dA_100Mss_bobN1NE5X0052.txt	149.36	-1.73	207.89	5.21	57041.50	842.89	2.121791e+05	2.652856e+01	6.346249e+00	149.14	47.366117	4713	4.332e-02
212kHz_150dA_100Mss_bobN1NE5X0053.txt	149.88	-1.62	212.17	5.26	57041.50	845.68	2.121791e+05	2.661251e+01	6.344826e+00	146.24	46.295087	4713	4.382e-02
212kHz_150dA_100Mss_bobN1NE5X0054.txt	150.39	-1.56	220.44	5.46	57041.50	836.65	2.121791e+05	2.641113e+01	6.349146e+00	155.29	49.548960	4713	4.445e-02
212kHz_150dA_100Mss_bobN1NE5X0055.txt	150.91	-1.51	228.49	5.53	57041.50	846.30	2.121791e+05	2.672889e+01	6.349685e+00	158.44	49.954624	4713	4.570e-02
212kHz_150dA_100Mss_bobN1NE5X0056.txt	151.42	-1.46	236.52	5.63	57041.50	853.87	2.121791e+05	2.697543e+01	6.350802e+00	162.59	50.796551	4713	4.665e-02
212kHz_150dA_100Mss_bobN1NE5X0057.txt	152.42	-1.36	251.93	5.79	57041.50	857.67	2.121791e+05	2.718475e+01	6.351721e+00	166.07	51.489449	4713	4.880e-02
212kHz_150dA_100Mss_bobN1NE5X0058.txt	152.92	-1.31	261.75	5.95	57041.50	851.49	2.121791e+05	2.708845e+01	6.354477e+00	172.13	53.565968	4713	4.943e-02
212kHz_150dA_100Mss_bobN1NE5X0059.txt	153.43	-1.26	270.35	6.16	57041.50	855.77	2.121791e+05	2.721190e+01	6.358193e+00	181.91	56.368402	4713	4.974e-02
212kHz_150dA_100Mss_bobN1NE5X0060.txt	153.94	-1.21	280.79	6.25	57041.50	863.80	2.121791e+05	2.752167e+01	6.360223e+00	188.95	57.900291	4713	5.117e-02
212kHz_150dA_100Mss_bobN1NE5X0061.txt	154.45	-1.16	286.76	6.34	57041.50	875.37	2.121791e+05	2.782566e+01	6.359961e+00	190.39	57.702742	4713	5.184e-02
212kHz_150dA_100Mss_bobN1NE5X0062.txt	154.96	-1.10	295.70	6.53	57041.50	875.78	2.121791e+05	2.787410e+01	6.363603e+00	199.75	60.451406	4713	5.210e-02
212kHz_150dA_100Mss_bobN1NE5X0063.txt	155.48	-1.05	303.27	6.67	57041.50	882.75	2.121791e+05	2.805570e+01	6.365942e+00	206.88	62.217451	4713	5.235e-02
212kHz_150dA_100Mss_bobN1NE5X0064.txt	155.98	-1.00	309.31	6.79	57041.50	882.43	2.121791e+05	2.808590e+01	6.367503e+00	211.00	63.396447	4713	5.302e-02
212kHz_150dA_100Mss_bobN1NE5X0065.txt	156.56	-1.00	316.53	6.94	57041.50	875.44	2.121791e+05	2.794586e+01	6.371084e+00	218.85	66.102945	4713	5.330e-02
212kHz_150dA_100Mss_bobN1NE5X0066.txt	157.07	-0.99	321.50	6.93	57041.50	887.09	2.121791e+05	2.829626e+01	6.370345e+00	219.73	65.544291	4713	5.423e-02
212kHz_150dA_100Mss_bobN1NE5X0067.txt	157.57	-0.94	325.79	7.05	57041.50	891.78	2.121791e+05	2.843621e+01	6.372358e+00	225.90	67.065544	4713	5.456e-02
212kHz_150dA_100Mss_bobN1NE5X0068.txt	158.09	-0.90	328.47	7.05	57041.50	888.59	2.121791e+05	2.837790e+01	6.372257e+00	225.19	66.989745	4713	5.493e-02
212kHz_150dA_100Mss_bobN1NE5X0069.txt	158.64	-0.90	331.58	7.17	57041.50	890.96	2.121791e+05	2.844154e+01	6.374027e+00	230.17	68.327759	4713	5.466e-02
212kHz_150dA_100Mss_bobN1NE5X0070.txt	159.2	-0.88	333.12	7.18	57041.50	893.25	2.121791e+05	2.851096e+01	6.373760e+00	230.05	68.126370	4713	5.505e-02
212kHz_150dA_100Mss_bobN1NE5X0071.txt	159.71	-0.83	333.63	7.21	57041.50	896.93	2.121791e+05	2.859914e+01	6.373383e+00	229.81	67.841803	4713	5.478e-02
212kHz_150dA_100Mss_bobN1NE5X0072.txt	160.23	-0.80	336.25	7.23	57041.50	891.85	2.121791e+05	2.848777e+01	6.374476e+00	231.68	68.667945	4713	5.515e-02
212kHz_150dA_100Mss_bobN1NE5X0073.txt	160.75	-0.80	337.39	7.27	57041.50	901.75	2.121791e+05	2.875642e+01	6.374955e+00	235.08	69.029781	4713	5.495e-02
212kHz_150dA_100Mss_bobN1NE5X0074.txt	161.24	-0.78	337.42	7.23	57041.50	899.38	2.121791e+05	2.871452e+01	6.373690e+00	231.51	68.073131	4713	5.510e-02
212kHz_150dA_100Mss_bobN1NE5X0075.txt	161.74	-0.73	337.37	7.26	57041.50	898.77	2.121791e+05	2.868940e+01	6.374583e+00	233.59	68.749017	4713	5.489e-02
212kHz_150dA_100Mss_bobN1NE5X0076.txt	162.74	-0.63	338.44	7.31	57041.50	904.68	2.121791e+05	2.886302e+01	6.376263e+00	239.31	70.018840	4713	5.472e-02
212kHz_150dA_100Mss_bobN1NE5X0077.txt	163.25	-0.60	338.67	7.36	57041.50	899.29	2.121791e+05	2.871326e+01	6.377294e+00	240.70	70.799431	4713	5.400e-02
212kHz_150dA_100Mss_bobN1NE5X0078.txt	163.76	-0.60	337.63	7.37	57041.50	896.40	2.121791e+05	2.862687e+01	6.377796e+00	241.25	71.179656	4713	5.384e-02
212kHz_150dA_100Mss_bobN1NE5X0079.txt	164.27	-0.57	337.10	7.36	57041.50	898.02	2.121791e+05	2.865804e+01	6.376940e+00	239.33	70.531938	4713	5.371e-02
212kHz_150dA_100Mss_bobN1NE5X0080.txt	164.78	-0.52	335.82	7.32	57041.50	905.31	2.121791e+05	2.886399e+01	6.376255e+00	239.30	70.013263	4713	5.380e-02
212kHz_150dA_100Mss_bobN1NE5X0081.txt	165.29	-0.50	337.41	7.32	57041.50	916.58	2.121791e+05	2.916082e+01	6.375999e+00	241.10	69.820205	4713	5.415e-02
212kHz_150dA_100Mss_bobN1NE5X0082.txt	165.8	-0.50	335.85	7.33	57041.50	902.38	2.121791e+05	2.878671e+01	6.376398e+00	239.02	70.121109	4713	5.354e-02
212kHz_150dA_100Mss_bobN1NE5X0083.txt	166.31	-0.50	335.55	7.29	57041.50	904.54	2.121791e+05	2.884842e+01	6.375594e+00	237.47	69.513211	4713	5.374e-02
212kHz_150dA_100Mss_bobN1NE5X0084.txt	166.82	-0.50	334.47	7.26	57041.50	902.49	2.121791e+05	2.880633e+01	6.375384e+00	236.59	69.354665	4713	5.368e-02
212kHz_150dA_100Mss_bobN1NE5X0085.txt	167.33	-0.50	334.77	7.31	57041.50	914.96	2.121791e+05	2.912339e+01	6.376801e+00	242.86	70.426020	4713	5.316e-02
212kHz_150dA_100Mss_bobN1NE5X0086.txt	167.86	-0.50	334.97	7.27	57041.50	908.75	2.121791e+05	2.897815e+01	6.376361e+00	240.52	70.093409	4713	5.368e-02
212kHz_150dA_100Mss_bobN1NE5X0087.txt	168.37	-0.50	333.44	7.25	57041.50	916.99	2.121791e+05	2.918567e+01	6.375310e+00	239.51	69.298516	4713	5.342e-02
212kHz_150dA_100Mss_bobN1NE5X0088.txt	168.87	-0.50	333.96	7.34	57041.50	904.51	2.121791e+05	2.885843e+01	6.378523e+00	245.06	71.729374	4713	5.261e-02
212kHz_150dA_100Mss_bobN1NE5X0089.txt	169.36	-0.46	334.24	7.33	57041.50	914.57	2.121791e+05	2.910889e+01	6.378215e+00	246.39	71.496111	4713	5.301e-02
212kHz_150dA_100Mss_bobN1NE5X0090.txt	169.89	-0.41	333.19	7.26	57041.50	922.90	2.121791e+05	2.935137e+01	6.376055e+00	242.82	69.862398	4713	5.333e-02
212kHz_150dA_100Mss_bobN1NE5X0091.txt	170.41	-0.40	333.30	7.22	57041.50	916.60	2.121791e+05	2.919848e+01	6.375764e+00	240.79	69.641749	4713	5.365e-02
212kHz_150dA_100Mss_bobN1NE5X0092.txt	170.95	-0.40	333.22	7.30	57041.50	908.60	2.121791e+05	2.897887e+01	6.377714e+00	244.00	71.117222	4713	5.289e-02
212kHz_150dA_100Mss_bobN1NE5X0093.txt	171.46	-0.40	331.02	7.29	57041.50	902.71	2.121791e+05	2.878374e+01	6.377215e+00	241.09	70.739895	4713	5.235e-02
212kHz_150dA_100Mss_bobN1NE5X0094.txt	171.99	-0.40	332.77	7.30	57041.50	916.54	2.121791e+05	2.916861e+01	6.378041e+00	246.45	71.364208	4713	5.246e-02
212kHz_150dA_100Mss_bobN1NE5X0095.txt	173.04	-0.40	331.31	7.27	57041.50	913.32	2.121791e+05	2.909399e+01	6.377556e+00	244.57	70.998465	4713	5.261e-02
212kHz_150dA_100Mss_bobN1NE5X0096.txt	173.56	-0.40	330.51	7.18	57041.50	924.79	2.121791e+05	2.942661e+01	6.375155e+00	241.09	69.181297	4713	5.318e-02
212kHz_150dA_100Mss_bobN1NE5X0097.txt	174.08	-0.40	329.90	7.21	57041.50	920.31	2.121791e+05	2.927520e+01	6.375410e+00	240.51	69.374525	4713	5.277e-02
212kHz_150dA_100Mss_bobN1NE5X0098.txt	174.58	-0.40	331.29	7.21	57041.50	928.59	2.121791e+05	2.950496e+01	6.375847e+00	243.54	69.705153	4713	5.287e-02
212kHz_150dA_100Mss_bobN1NE5X0099.txt	175.13	-0.40	329.83	7.24	57041.50	912.64	2.121791e+05	2.904947e+01	6.376998e+00	242.75	70.575290	4713	5.231e-02
212kHz_150dA_100Mss_bobN1NE5X0100.txt	175.64	-0.40	330.49	7.19	57041.50	926.22	2.121791e+05	2.944559e+01	6.375934e+00	243.28	69.770581	4713	5.270e-02
212kHz_150dA_100Mss_bobN1NE5X0101.txt	176.22	-0.40	331.08	7.23	57041.50	924.49	2.121791e+05	2.939634e+01	6.377235e+00	246.27	70.754387	4713	5.252e-02
212kHz_150dA_100Mss_bobN1NE5X0102.txt	176.73	-0.40	328.70	7.19	57041.50	921.23	2.121791e+05	2.931240e+01	6.376469e+00	243.57	70.175723	4713	5.234e-02
212kHz_150dA_100Mss_bobN1NE5X0103.txt	177.23	-0.40	329.99	7.20	57041.50	924.13	2.121791e+05	2.938205e+01	6.376676e+00	244.69	70.331623	4713	5.248e-02
212kHz_150dA_100Mss_bobN1NE5X0104.txt	177.74	-0.40	328.58	7.14	57041.50	926.54	2.121791e+05	2.945626e+01	6.375036e+00	241.02	69.090844	4713	5.291e-02
212kHz_150dA_100Mss_bobN1NE5X0105.txt	178.26	-0.40	330.85	7.18	57041.50	934.07	2.121791e+05	2.966231e+01	6.376645e+00	246.94	70.308537	4713	5.291e-02
212kHz_150dA_100Mss_bobN1NE5X0106.txt	178.75	-0.40	327.81	7.10	57041.50	925.76	2.121791e+05	2.943601e+01	6.373942e+00	237.99	68.263277	4713	5.265e-02
212kHz_150dA_100Mss_bobN1NE5X0107.txt	179.27	-0.40	330.04	7.18	57041.50	923.65	2.121791e+05	2.940498e+01	6.376967e+00	245.64	70.552675	4713	5.259e-02
212kHz_150dA_100Mss_bobN1NE5X0108.txt	179.8	-0.40	329.50	7.20	57041.50	920.67	2.121791e+05	2.932091e+01	6.377896e+00	247.36	71.255576	4713	5.240e-02
212kHz_150dA_100Mss_bobN1NE5X0109.txt	180.31	-0.40	330.93	7.20	57041.50	928.48	2.121791e+05	2.953616e+01	6.378270e+00	250.15	71.537431	4713	5.248e-02
212kHz_150dA_100Mss_bobN1NE5X0110.txt	180.87	-0.40	328.03	7.10	57041.50	928.32	2.121791e+05	2.952434e+01	6.375533e+00	242.88	69.467302	4713	5.280e-02
212kHz_150dA_100Mss_bobN1NE5X0111.txt	181.38	-0.40	329.64	7.16	57041.50	929.66	2.121791e+05	2.956265e+01	6.377524e+00	248.42	70.973213	4713	5.253e-02
212kHz_150dA_100Mss_bobN1NE5X0112.txt	181.88	-0.40	328.40	7.10	57041.50	932.45	2.121791e+05	2.965142e+01	6.376092e+00	245.40	69.890132	4713	5.264e-02
212kHz_150dA_100Mss_bobN1NE5X0113.txt	182.38	-0.36	329.33	7.15	57041.50	928.77	2.121791e+05	2.954882e+01	6.377534e+00	248.33	70.981267	4713	5.257e-02
212kHz_150dA_100Mss_bobN1NE5X0114.txt	183.38	-0.30	327.70	7.06	57041.50	929.03	2.121791e+05	2.955237e+01	6.374887e+00	241.41	68.978353	4713	5.293e-02
212kHz_150dA_100Mss_bobN1NE5X0115.txt	183.89	-0.30	328.01	7.07	57041.50	932.86	2.121791e+05	2.966270e+01	6.375415e+00	243.70	69.377779	4713	5.284e-02
212kHz_150dA_100Mss_bobN1NE5X0116.txt	184.4	-0.30	327.93	7.12	57041.50	938.78	2.121791e+05	2.980716e+01	6.376774e+00	248.49	70.405620	4713	5.238e-02
212kHz_150dA_100Mss_bobN1NE5X0117.txt	184.92	-0.30	326.96	7.10	57041.50	934.14	2.121791e+05	2.967597e+01	6.376628e+00	247.01	70.295221	4713	5.222e-02
212kHz_150dA_100Mss_bobN1NE5X0118.txt	185.43	-0.34	326.04	7.03	57041.50	933.89	2.121791e+05	2.965620e+01	6.373972e+00	239.85	68.286734	4713	5.259e-02
212kHz_150dA_100Mss_bobN1NE5X0119.txt	185.94	-0.39	326.02	7.03	57041.50	930.47	2.121791e+05	2.959932e+01	6.374835e+00	241.66	68.939121	4713	5.266e-02
212kHz_150dA_100Mss_bobN1NE5X0120.txt	186.43	-0.40	326.78	7.13	57041.50	926.66	2.121791e+05	2.945796e+01	6.377151e+00	246.56	70.691108	4713	5.208e-02
212kHz_150dA_100Mss_bobN1NE5X0121.txt	186.92	-0.40	326.26	7.09	57041.50	934.01	2.121791e+05	2.964013e+01	6.375462e+00	243.64	69.413020	4713	5.219e-02
212kHz_150dA_100Mss_bobN1NE5X0122.txt	187.46	-0.40	325.01	6.99	57041.50	934.13	2.121791e+05	2.968237e+01	6.372840e+00	237.08	67.430310	4713	5.269e-02
212kHz_150dA_100Mss_bobN1NE5X0123.txt	187.95	-0.40	325.78	7.04	57041.50	927.85	2.121791e+05	2.952432e+01	6.375665e+00	243.22	69.566947	4713	5.226e-02
212kHz_150dA_100Mss_bobN1NE5X0124.txt	188.46	-0.35	325.91	7.08	57041.50	938.53	2.121791e+05	2.979446e+01	6.375523e+00	245.07	69.459149	4713	5.205e-02
212kHz_150dA_100Mss_bobN1NE5X0125.txt	188.98	-0.30	324.50	7.03	57041.50	925.18	2.121791e+05	2.942477e+01	6.374036e+00	238.14	68.334475	4713	5.227e-02
212kHz_150dA_100Mss_bobN1NE5X0126.txt	189.49	-0.30	325.45	7.01	57041.50	936.20	2.121791e+05	2.973526e+01	6.374721e+00	242.47	68.852828	4713	5.251e-02
212kHz_150dA_100Mss_bobN1NE5X0127.txt	190.01	-0.30	324.61	6.91	57041.50	940.31	2.121791e+05	2.988126e+01	6.371843e+00	236.02	66.676152	4713	5.310e-02
212kHz_150dA_100Mss_bobN1NE5X0128.txt	190.53	-0.30	324.31	6.94	57041.50	940.34	2.121791e+05	2.984412e+01	6.372644e+00	237.85	67.281710	4713	5.261e-02
212kHz_150dA_100Mss_bobN1NE5X0129.txt	191.04	-0.30	324.45	6.95	57041.50	944.38	2.121791e+05	2.995994e+01	6.373147e+00	240.11	67.662142	4713	5.261e-02
212kHz_150dA_100Mss_bobN1NE5X0130.txt	191.57	-0.30	325.32	7.01	57041.50	933.15	2.121791e+05	2.965952e+01	6.375161e+00	243.01	69.184973	4713	5.257e-02
212kHz_150dA_100Mss_bobN1NE5X0131.txt	192.08	-0.31	325.14	7.00	57041.50	932.27	2.121791e+05	2.963659e+01	6.375343e+00	243.30	69.323422	4713	5.227e-02
212kHz_150dA_100Mss_bobN1NE5X0132.txt	192.59	-0.36	325.09	6.97	57041.50	937.97	2.121791e+05	2.977209e+01	6.374098e+00	241.12	68.381156	4713	5.249e-02
212kHz_150dA_100Mss_bobN1NE5X0133.txt	193.61	-0.40	324.34	7.00	57041.50	933.28	2.121791e+05	2.964615e+01	6.375145e+00	242.86	69.172696	4713	5.210e-02
212kHz_150dA_100Mss_bobN1NE5X0134.txt	194.13	-0.39	323.17	6.90	57041.50	942.22	2.121791e+05	2.992237e+01	6.372310e+00	237.58	67.029192	4713	5.270e-02
212kHz_150dA_100Mss_bobN1NE5X0135.txt	194.63	-0.34	323.09	6.93	57041.50	935.26	2.121791e+05	2.972770e+01	6.373571e+00	239.37	67.982713	4713	5.248e-02
212kHz_150dA_100Mss_bobN1NE5X0136.txt	195.13	-0.30	323.41	6.89	57041.50	938.29	2.121791e+05	2.982688e+01	6.372296e+00	236.79	67.019012	4713	5.272e-02
212kHz_150dA_100Mss_bobN1NE5X0137.txt	195.65	-0.30	323.92	6.90	57041.50	939.64	2.121791e+05	2.985611e+01	6.372761e+00	238.25	67.370223	4713	5.293e-02
212kHz_150dA_100Mss_bobN1NE5X0138.txt	196.15	-0.30	324.66	6.88	57041.50	944.75	2.121791e+05	3.000499e+01	6.373188e+00	240.58	67.692864	4713	5.283e-02
212kHz_150dA_100Mss_bobN1NE5X0139.txt	196.66	-0.30	322.39	6.87	57041.50	938.20	2.121791e+05	2.979872e+01	6.372078e+00	235.99	66.854279	4713	5.247e-02
212kHz_150dA_100Mss_bobN1NE5X0140.txt	197.24	-0.30	322.90	6.97	57041.50	938.12	2.121791e+05	2.977290e+01	6.374657e+00	242.61	68.804498	4713	5.194e-02
212kHz_150dA_100Mss_bobN1NE5X0141.txt	197.76	-0.30	324.46	6.96	57041.50	946.90	2.121791e+05	3.002416e+01	6.374655e+00	244.65	68.802879	4713	5.230e-02
212kHz_150dA_100Mss_bobN1NE5X0142.txt	198.25	-0.30	322.57	6.92	57041.50	937.76	2.121791e+05	2.977578e+01	6.373110e+00	238.54	67.633865	4713	5.239e-02
212kHz_150dA_100Mss_bobN1NE5X0143.txt	198.77	-0.30	324.23	6.93	57041.50	936.14	2.121791e+05	2.975477e+01	6.374945e+00	243.22	69.021334	4713	5.242e-02
212kHz_150dA_100Mss_bobN1NE5X0144.txt	199.29	-0.30	324.33	6.95	57041.50	933.52	2.121791e+05	2.967576e+01	6.375153e+00	243.12	69.179497	4713	5.247e-02
212kHz_150dA_100Mss_bobN1NE5X0145.txt	199.79	-0.30	322.45	6.90	57041.50	934.01	2.121791e+05	2.968705e+01	6.373356e+00	238.47	67.820404	4713	5.225e-02
212kHz_150dA_100Mss_bobN1NE5X0146.txt	200.31	-0.30	323.85	6.90	57041.50	948.02	2.121791e+05	3.008170e+01	6.374139e+00	243.74	68.411829	4713	5.257e-02
212kHz_150dA_100Mss_bobN1NE5X0147.txt	200.82	-0.30	322.77	6.80	57041.50	943.61	2.121791e+05	2.997745e+01	6.371408e+00	235.62	66.347119	4713	5.303e-02
212kHz_150dA_100Mss_bobN1NE5X0148.txt	201.33	-0.30	322.37	6.85	57041.50	939.38	2.121791e+05	2.985123e+01	6.372361e+00	237.15	67.067714	4713	5.285e-02
212kHz_150dA_100Mss_bobN1NE5X0149.txt	201.83	-0.30	322.68	6.86	57041.50	937.50	2.121791e+05	2.978974e+01	6.373140e+00	238.73	67.657151	4713	5.273e-02
212kHz_150dA_100Mss_bobN1NE5X0150.txt	202.32	-0.30	323.60	6.85	57041.50	947.02	2.121791e+05	3.006376e+01	6.372742e+00	239.86	67.356049	4713	5.301e-02
212kHz_150dA_100Mss_bobN1NE5X0151.txt	202.82	-0.30	322.25	6.90	57041.50	935.28	2.121791e+05	2.971508e+01	6.373866e+00	240.05	68.205785	4713	5.232e-02
212kHz_150dA_100Mss_bobN1NE5X0152.txt	203.84	-0.30	323.37	6.79	57041.50	948.97	2.121791e+05	3.014352e+01	6.372012e+00	238.54	66.803739	4713	5.330e-02
212kHz_150dA_100Mss_bobN1NE5X0153.txt	204.35	-0.30	323.21	6.81	57041.50	947.18	2.121791e+05	3.006622e+01	6.372178e+00	238.38	66.929957	4713	5.313e-02
212kHz_150dA_100Mss_bobN1NE5X0154.txt	204.85	-0.30	322.64	6.85	57041.50	939.55	2.121791e+05	2.985443e+01	6.373799e+00	240.99	68.155383	4713	5.249e-02
212kHz_150dA_100Mss_bobN1NE5X0155.txt	205.37	-0.30	322.21	6.87	57041.50	934.05	2.121791e+05	2.969741e+01	6.374175e+00	240.72	68.439995	4713	5.251e-02
212kHz_150dA_100Mss_bobN1NE5X0156.txt	205.86	-0.30	322.13	6.75	57041.50	951.31	2.121791e+05	3.019360e+01	6.371231e+00	236.84	66.213534	4713	5.337e-02
212kHz_150dA_100Mss_bobN1NE5X0157.txt	206.37	-0.30	321.97	6.78	57041.50	948.50	2.121791e+05	3.011516e+01	6.372140e+00	238.66	66.900802	4713	5.301e-02
212kHz_150dA_100Mss_bobN1NE5X0158.txt	206.87	-0.30	321.49	6.81	57041.50	943.62	2.121791e+05	2.995823e+01	6.373370e+00	240.69	67.831368	4713	5.259e-02
212kHz_150dA_100Mss_bobN1NE5X0159.txt	207.38	-0.30	322.17	6.77	57041.50	941.60	2.121791e+05	2.993453e+01	6.372344e+00	237.77	67.054526	4713	5.295e-02
212kHz_150dA_100Mss_bobN1NE5X0160.txt	207.89	-0.30	320.95	6.78	57041.50	941.44	2.121791e+05	2.990428e+01	6.372091e+00	236.86	66.864041	4713	5.291e-02
212kHz_150dA_100Mss_bobN1NE5X0161.txt	208.4	-0.30	321.26	6.69	57041.50	947.41	2.121791e+05	3.011477e+01	6.370722e+00	234.86	65.828920	4713	5.358e-02
212kHz_150dA_100Mss_bobN1NE5X0162.txt	208.91	-0.30	321.85	6.76	57041.50	951.19	2.121791e+05	3.019164e+01	6.372469e+00	240.15	67.149683	4713	5.297e-02
212kHz_150dA_100Mss_bobN1NE5X0163.txt	209.43	-0.30	319.99	6.77	57041.50	946.26	2.121791e+05	3.001269e+01	6.371803e+00	236.95	66.645501	4713	5.255e-02
212kHz_150dA_100Mss_bobN1NE5X0164.txt	209.92	-0.30	318.56	6.76	57041.50	936.55	2.121791e+05	2.975486e+01	6.371671e+00	234.57	66.546678	4713	5.250e-02
212kHz_150dA_100Mss_bobN1NE5X0165.txt	210.44	-0.30	319.64	6.75	57041.50	947.40	2.121791e+05	3.005533e+01	6.371430e+00	236.29	66.363962	4713	5.274e-02
212kHz_150dA_100Mss_bobN1NE5X0166.txt	210.95	-0.30	319.26	6.75	57041.50	940.72	2.121791e+05	2.987748e+01	6.371570e+00	235.26	66.469785	4713	5.270e-02
212kHz_150dA_100Mss_bobN1NE5X0167.txt	211.44	-0.26	320.27	6.83	57041.50	939.70	2.121791e+05	2.981418e+01	6.373994e+00	241.19	68.303049	4713	5.234e-02
212kHz_150dA_100Mss_bobN1NE5X0168.txt	211.95	-0.21	319.61	6.77	57041.50	951.19	2.121791e+05	3.013667e+01	6.372586e+00	240.02	67.237543	4713	5.264e-02
212kHz_150dA_100Mss_bobN1NE5X0169.txt	212.45	-0.20	318.11	6.75	57041.50	930.60	2.121791e+05	2.959338e+01	6.372102e+00	234.43	66.872214	4713	5.242e-02
212kHz_150dA_100Mss_bobN1NE5X0170.txt	212.96	-0.20	318.46	6.63	57041.50	953.25	2.121791e+05	3.026177e+01	6.369271e+00	232.11	64.732255	4713	5.344e-02
212kHz_150dA_100Mss_bobN1NE5X0171.txt	213.96	-0.20	318.90	6.78	57041.50	934.11	2.121791e+05	2.968499e+01	6.372982e+00	237.47	67.537735	4713	5.232e-02
212kHz_150dA_100Mss_bobN1NE5X0172.txt	214.48	-0.25	317.43	6.66	57041.50	955.06	2.121791e+05	3.024656e+01	6.369634e+00	232.96	65.006250	4713	5.313e-02
212kHz_150dA_100Mss_bobN1NE5X0173.txt	214.99	-0.30	316.39	6.77	57041.50	929.58	2.121791e+05	2.953665e+01	6.372953e+00	236.21	67.515251	4713	5.189e-02
212kHz_150dA_100Mss_bobN1NE5X0174.txt	215.49	-0.25	317.00	6.66	57041.50	950.09	2.121791e+05	3.013527e+01	6.369884e+00	232.78	65.195850	4713	5.307e-02
212kHz_150dA_100Mss_bobN1NE5X0175.txt	216.0	-0.20	318.21	6.72	57041.50	944.19	2.121791e+05	2.996943e+01	6.372193e+00	237.65	66.941159	4713	5.271e-02
212kHz_150dA_100Mss_bobN1NE5X0176.txt	216.5	-0.20	316.14	6.67	57041.50	942.68	2.121791e+05	2.991462e+01	6.370327e+00	232.25	65.530344	4713	5.256e-02
212kHz_150dA_100Mss_bobN1NE5X0177.txt	217.0	-0.20	315.66	6.67	57041.50	945.22	2.121791e+05	2.994958e+01	6.369504e+00	230.33	64.908215	4713	5.261e-02
212kHz_150dA_100Mss_bobN1NE5X0178.txt	217.51	-0.20	315.97	6.64	57041.50	945.63	2.121791e+05	2.999123e+01	6.369887e+00	231.67	65.197659	4713	5.289e-02
212kHz_150dA_100Mss_bobN1NE5X0179.txt	218.03	-0.20	316.97	6.71	57041.50	938.26	2.121791e+05	2.979880e+01	6.372335e+00	236.67	67.048086	4713	5.235e-02
212kHz_150dA_100Mss_bobN1NE5X0180.txt	218.62	-0.20	315.95	6.61	57041.50	944.82	2.121791e+05	2.999836e+01	6.369344e+00	230.28	64.787773	4713	5.306e-02
212kHz_150dA_100Mss_bobN1NE5X0181.txt	219.13	-0.20	316.94	6.66	57041.50	951.32	2.121791e+05	3.012524e+01	6.370433e+00	234.17	65.610417	4713	5.271e-02
212kHz_150dA_100Mss_bobN1NE5X0182.txt	219.63	-0.20	314.89	6.61	57041.50	946.99	2.121791e+05	3.001515e+01	6.368243e+00	227.47	63.955244	4713	5.284e-02
212kHz_150dA_100Mss_bobN1NE5X0183.txt	220.12	-0.20	315.04	6.56	57041.50	946.10	2.121791e+05	3.004181e+01	6.367813e+00	226.53	63.630970	4713	5.355e-02
212kHz_150dA_100Mss_bobN1NE5X0184.txt	220.63	-0.20	315.30	6.61	57041.50	941.81	2.121791e+05	2.990436e+01	6.369130e+00	228.99	64.625167	4713	5.303e-02
212kHz_150dA_100Mss_bobN1NE5X0185.txt	221.14	-0.20	313.48	6.54	57041.50	952.05	2.121791e+05	3.017966e+01	6.367094e+00	225.64	63.088009	4713	5.347e-02
212kHz_150dA_100Mss_bobN1NE5X0186.txt	221.65	-0.20	314.47	6.57	57041.50	952.68	2.121341e+05	3.022347e+01	6.368581e+00	229.91	64.210930	4714	5.327e-02
212kHz_150dA_100Mss_bobN1NE5X0187.txt	222.14	-0.20	314.22	6.51	57041.50	949.91	2.121791e+05	3.015143e+01	6.367099e+00	225.44	63.091495	4713	5.370e-02
212kHz_150dA_100Mss_bobN1NE5X0188.txt	222.66	-0.20	313.65	6.55	57041.50	955.02	2.121791e+05	3.025001e+01	6.367373e+00	226.91	63.298185	4713	5.335e-02
212kHz_150dA_100Mss_bobN1NE5X0189.txt	223.15	-0.20	314.04	6.50	57041.50	955.76	2.121791e+05	3.030903e+01	6.367148e+00	226.75	63.128379	4713	5.370e-02
212kHz_150dA_100Mss_bobN1NE5X0190.txt	224.14	-0.20	312.16	6.49	57041.50	956.30	2.121791e+05	3.028698e+01	6.366184e+00	223.99	62.399666	4713	5.332e-02
212kHz_150dA_100Mss_bobN1NE5X0191.txt	224.64	-0.20	311.55	6.52	57041.50	947.45	2.121791e+05	3.003071e+01	6.367289e+00	225.04	63.234940	4713	5.308e-02
212kHz_150dA_100Mss_bobN1NE5X0192.txt	225.14	-0.20	312.47	6.52	57041.50	950.49	2.121791e+05	3.012545e+01	6.367747e+00	226.98	63.580817	4713	5.320e-02
212kHz_150dA_100Mss_bobN1NE5X0193.txt	225.66	-0.20	312.41	6.51	57041.50	951.97	2.121791e+05	3.016646e+01	6.367904e+00	227.71	63.699026	4713	5.320e-02
212kHz_150dA_100Mss_bobN1NE5X0194.txt	226.16	-0.18	311.51	6.51	57041.50	952.57	2.121791e+05	3.017474e+01	6.367325e+00	226.22	63.261844	4713	5.301e-02
212kHz_150dA_100Mss_bobN1NE5X0195.txt	226.67	-0.13	312.21	6.47	57041.50	951.91	2.121791e+05	3.018821e+01	6.366625e+00	224.44	62.733314	4713	5.360e-02
212kHz_150dA_100Mss_bobN1NE5X0196.txt	227.17	-0.10	313.04	6.50	57041.50	952.27	2.121791e+05	3.019495e+01	6.367373e+00	226.50	63.297988	4713	5.346e-02
212kHz_150dA_100Mss_bobN1NE5X0197.txt	227.69	-0.10	313.64	6.51	57041.50	950.30	2.121791e+05	3.015508e+01	6.368454e+00	229.10	64.114630	4713	5.336e-02
212kHz_150dA_100Mss_bobN1NE5X0198.txt	228.19	-0.06	312.91	6.50	57041.50	950.24	2.121791e+05	3.014015e+01	6.367806e+00	227.25	63.625620	4713	5.342e-02
212kHz_150dA_100Mss_bobN1NE5X0199.txt	228.69	0.04	314.18	6.53	57041.50	954.65	2.121791e+05	3.026095e+01	6.368785e+00	230.79	64.365283	4713	5.321e-02
212kHz_150dA_100Mss_bobN1NE5X0200.txt	229.18	0.12	311.55	6.45	57041.50	960.68	2.121791e+05	3.042397e+01	6.365878e+00	224.17	62.168309	4713	5.362e-02
212kHz_150dA_100Mss_bobN1NE5X0201.txt	229.7	0.17	312.25	6.43	57041.50	962.23	2.121791e+05	3.048236e+01	6.366349e+00	225.88	62.524438	4713	5.379e-02
212kHz_150dA_100Mss_bobN1NE5X0202.txt	230.2	0.24	312.33	6.43	57041.50	960.65	2.121791e+05	3.043549e+01	6.366212e+00	225.16	62.421475	4713	5.378e-02
212kHz_150dA_100Mss_bobN1NE5X0203.txt	230.72	0.34	312.48	6.44	57041.50	968.53	2.121791e+05	3.064617e+01	6.366213e+00	226.72	62.421544	4713	5.386e-02
212kHz_150dA_100Mss_bobN1NE5X0204.txt	231.22	0.49	312.84	6.46	57041.50	958.95	2.121791e+05	3.038266e+01	6.367022e+00	226.96	63.032874	4713	5.368e-02
212kHz_150dA_100Mss_bobN1NE5X0205.txt	231.72	0.69	310.83	6.38	57041.50	968.08	2.121791e+05	3.061785e+01	6.364603e+00	222.13	61.205919	4713	5.395e-02
212kHz_150dA_100Mss_bobN1NE5X0206.txt	232.24	0.87	313.12	6.41	57041.50	962.83	2.121791e+05	3.051346e+01	6.366005e+00	225.18	62.264910	4713	5.408e-02
212kHz_150dA_100Mss_bobN1NE5X0207.txt	232.76	1.03	311.64	6.37	57041.50	967.60	2.121791e+05	3.062027e+01	6.364946e+00	223.08	61.465081	4713	5.425e-02
212kHz_150dA_100Mss_bobN1NE5X0208.txt	233.27	1.24	313.96	6.41	57041.50	967.42	2.121791e+05	3.067836e+01	6.367271e+00	229.85	63.221031	4713	5.411e-02
212kHz_150dA_100Mss_bobN1NE5X0209.txt	234.27	1.71	313.04	6.40	57041.50	978.27	2.121791e+05	3.093134e+01	6.366009e+00	228.27	62.268295	4713	5.408e-02
212kHz_150dA_100Mss_bobN1NE5X0210.txt	234.77	1.91	312.64	6.35	57041.50	971.47	2.121791e+05	3.078121e+01	6.365375e+00	225.43	61.789305	4713	5.445e-02
212kHz_150dA_100Mss_bobN1NE5X0211.txt	235.27	2.16	312.80	6.41	57041.50	969.61	2.121791e+05	3.068457e+01	6.366852e+00	228.75	62.904329	4713	5.393e-02
212kHz_150dA_100Mss_bobN1NE5X0212.txt	235.77	2.46	312.93	6.35	57041.50	975.17	2.121791e+05	3.087204e+01	6.365207e+00	225.63	61.661846	4713	5.460e-02
212kHz_150dA_100Mss_bobN1NE5X0213.txt	236.28	2.77	312.62	6.32	57041.50	980.31	2.121791e+05	3.102203e+01	6.365125e+00	226.50	61.599800	4713	5.471e-02
212kHz_150dA_100Mss_bobN1NE5X0214.txt	236.78	3.07	312.41	6.33	57041.50	976.63	2.121791e+05	3.091403e+01	6.365348e+00	226.33	61.768689	4713	5.456e-02
212kHz_150dA_100Mss_bobN1NE5X0215.txt	237.28	3.48	310.98	6.28	57041.50	981.52	2.121791e+05	3.104706e+01	6.363196e+00	221.36	60.143356	4713	5.459e-02
212kHz_150dA_100Mss_bobN1NE5X0216.txt	237.79	3.99	310.91	6.26	57041.50	983.52	2.121791e+05	3.109700e+01	6.363206e+00	221.75	60.151636	4713	5.474e-02
212kHz_150dA_100Mss_bobN1NE5X0217.txt	238.3	4.68	310.67	6.32	57041.50	969.94	2.121791e+05	3.071116e+01	6.364773e+00	223.27	61.334356	4713	5.436e-02
212kHz_150dA_100Mss_bobN1NE5X0218.txt	238.81	5.50	309.80	6.27	57041.50	977.50	2.121791e+05	3.094149e+01	6.364121e+00	223.16	60.842484	4713	5.440e-02
212kHz_150dA_100Mss_bobN1NE5X0219.txt	239.31	6.14	311.25	6.25	57041.50	987.74	2.121791e+05	3.123519e+01	6.364144e+00	225.34	60.859313	4713	5.477e-02
212kHz_150dA_100Mss_bobN1NE5X0220.txt	239.99	6.89	310.05	6.21	57041.50	987.31	2.121791e+05	3.122109e+01	6.362450e+00	220.53	59.580825	4713	5.521e-02
212kHz_150dA_100Mss_bobN1NE5X0221.txt	240.57	7.36	310.27	6.27	57041.50	979.09	2.121791e+05	3.098404e+01	6.364092e+00	223.38	60.820260	4713	5.447e-02
212kHz_150dA_100Mss_bobN1NE5X0222.txt	241.1	7.87	307.78	6.19	57041.50	986.68	2.121791e+05	3.118297e+01	6.361484e+00	217.58	58.851343	4713	5.475e-02
212kHz_150dA_100Mss_bobN1NE5X0223.txt	241.66	8.82	306.63	6.21	57041.50	974.61	2.121791e+05	3.085036e+01	6.362577e+00	218.26	59.676455	4713	5.430e-02
212kHz_150dA_100Mss_bobN1NE5X0224.txt	242.15	9.58	306.67	6.20	57041.50	974.10	2.121791e+05	3.083115e+01	6.362480e+00	217.86	59.602976	4713	5.460e-02
212kHz_150dA_100Mss_bobN1NE5X0225.txt	242.75	10.30	305.81	6.18	57041.50	972.73	2.121791e+05	3.079371e+01	6.361700e+00	215.46	59.014650	4713	5.451e-02
212kHz_150dA_100Mss_bobN1NE5X0226.txt	243.26	10.94	305.14	6.18	57041.50	974.79	2.121791e+05	3.083718e+01	6.362264e+00	217.31	59.439903	4713	5.429e-02
212kHz_150dA_100Mss_bobN1NE5X0227.txt	243.77	11.60	304.10	6.11	57041.50	980.56	2.121791e+05	3.101302e+01	6.360455e+00	213.56	58.075175	4713	5.479e-02
212kHz_150dA_100Mss_bobN1NE5X0228.txt	244.78	12.84	303.64	6.16	57041.50	979.43	2.121791e+05	3.094504e+01	6.361109e+00	214.89	58.568561	4713	5.426e-02
212kHz_150dA_100Mss_bobN1NE5X0229.txt	245.32	13.10	304.48	6.16	57041.50	983.96	2.121791e+05	3.108492e+01	6.361805e+00	217.79	59.093608	4713	5.424e-02
212kHz_150dA_100Mss_bobN1NE5X0230.txt	245.82	13.10	302.78	6.13	57041.50	976.23	2.121791e+05	3.084982e+01	6.360744e+00	213.23	58.292659	4713	5.426e-02
212kHz_150dA_100Mss_bobN1NE5X0231.txt	246.33	13.46	303.22	6.14	57041.50	979.07	2.121791e+05	3.094327e+01	6.361435e+00	215.78	58.814129	4713	5.424e-02
212kHz_150dA_100Mss_bobN1NE5X0232.txt	246.83	14.01	301.07	6.08	57041.50	982.53	2.121791e+05	3.103548e+01	6.359069e+00	209.89	57.028830	4713	5.445e-02
212kHz_150dA_100Mss_bobN1NE5X0233.txt	247.34	14.68	301.44	6.07	57041.50	984.58	2.121791e+05	3.110435e+01	6.359721e+00	212.16	57.521099	4713	5.458e-02
212kHz_150dA_100Mss_bobN1NE5X0234.txt	247.87	15.42	301.15	6.14	57041.50	976.27	2.121791e+05	3.084829e+01	6.361786e+00	216.08	59.079111	4713	5.389e-02
212kHz_150dA_100Mss_bobN1NE5X0235.txt	248.41	15.93	300.79	6.05	57041.50	992.42	2.121791e+05	3.129408e+01	6.359195e+00	211.99	57.124470	4713	5.460e-02
212kHz_150dA_100Mss_bobN1NE5X0236.txt	248.92	16.34	300.14	6.06	57041.50	987.38	2.121791e+05	3.115704e+01	6.359414e+00	211.67	57.289828	4713	5.421e-02
212kHz_150dA_100Mss_bobN1NE5X0237.txt	249.43	16.70	298.49	6.01	57041.50	990.38	2.121791e+05	3.123659e+01	6.357892e+00	207.98	56.141972	4713	5.455e-02
212kHz_150dA_100Mss_bobN1NE5X0238.txt	249.96	17.07	299.05	6.01	57041.50	988.63	2.121791e+05	3.120974e+01	6.358233e+00	208.75	56.398297	4713	5.468e-02
212kHz_150dA_100Mss_bobN1NE5X0239.txt	250.49	17.59	299.09	6.02	57041.50	990.66	2.121791e+05	3.124643e+01	6.358763e+00	210.46	56.797882	4713	5.432e-02
212kHz_150dA_100Mss_bobN1NE5X0240.txt	250.99	18.09	297.72	5.99	57041.50	991.56	2.121791e+05	3.125723e+01	6.357409e+00	206.77	55.777018	4713	5.458e-02
212kHz_150dA_100Mss_bobN1NE5X0241.txt	251.49	18.25	299.22	6.02	57041.50	989.05	2.121791e+05	3.117650e+01	6.358881e+00	210.32	56.887511	4713	5.443e-02
212kHz_150dA_100Mss_bobN1NE5X0242.txt	251.99	18.40	298.51	6.01	57041.50	991.18	2.121791e+05	3.125357e+01	6.358831e+00	210.70	56.849439	4713	5.434e-02
212kHz_150dA_100Mss_bobN1NE5X0243.txt	252.54	18.78	298.07	6.01	57041.50	985.30	2.121791e+05	3.109485e+01	6.359135e+00	210.47	57.078825	4713	5.430e-02
212kHz_150dA_100Mss_bobN1NE5X0244.txt	253.11	19.17	295.62	5.96	57041.50	982.16	2.121791e+05	3.099827e+01	6.357578e+00	205.52	55.904345	4713	5.415e-02
212kHz_150dA_100Mss_bobN1NE5X0245.txt	253.61	19.47	294.72	5.95	57041.50	986.47	2.121791e+05	3.110717e+01	6.356571e+00	203.46	55.145173	4713	5.414e-02
212kHz_150dA_100Mss_bobN1NE5X0246.txt	254.12	19.77	295.59	5.92	57041.50	994.30	2.121791e+05	3.132784e+01	6.356633e+00	205.08	55.191788	4713	5.463e-02
212kHz_150dA_100Mss_bobN1NE5X0247.txt	255.11	20.38	296.06	5.92	57041.50	1001.19	2.121791e+05	3.151823e+01	6.356711e+00	206.54	55.250496	4713	5.473e-02
212kHz_150dA_100Mss_bobN1NE5X0248.txt	255.61	20.73	295.88	5.92	57041.50	995.71	2.121791e+05	3.138034e+01	6.357355e+00	207.44	55.736058	4713	5.452e-02
212kHz_150dA_100Mss_bobN1NE5X0249.txt	256.12	21.10	293.67	5.86	57041.50	1005.68	2.121791e+05	3.162938e+01	6.354587e+00	201.29	53.648592	4713	5.481e-02
212kHz_150dA_100Mss_bobN1NE5X0250.txt	256.64	21.51	293.45	5.89	57041.50	1002.44	2.121791e+05	3.153730e+01	6.355675e+00	203.76	54.469408	4713	5.435e-02
212kHz_150dA_100Mss_bobN1NE5X0251.txt	257.17	21.90	292.36	5.88	57041.50	993.10	2.121791e+05	3.127166e+01	6.355638e+00	201.94	54.441463	4713	5.424e-02
212kHz_150dA_100Mss_bobN1NE5X0252.txt	257.67	22.20	293.05	5.87	57041.50	995.84	2.121791e+05	3.136834e+01	6.355925e+00	203.37	54.658099	4713	5.446e-02
212kHz_150dA_100Mss_bobN1NE5X0253.txt	258.24	22.52	292.84	5.90	57041.50	986.59	2.121791e+05	3.111001e+01	6.356869e+00	204.30	55.369637	4713	5.417e-02
212kHz_150dA_100Mss_bobN1NE5X0254.txt	258.73	22.77	292.07	5.87	57041.50	993.66	2.121791e+05	3.128609e+01	6.355646e+00	202.06	54.447612	4713	5.439e-02
212kHz_150dA_100Mss_bobN1NE5X0255.txt	259.24	23.02	292.18	5.85	57041.50	1002.70	2.121791e+05	3.152178e+01	6.354904e+00	201.50	53.887609	4713	5.458e-02
212kHz_150dA_100Mss_bobN1NE5X0256.txt	259.73	23.27	292.16	5.84	57041.50	1009.17	2.121791e+05	3.170348e+01	6.354825e+00	202.44	53.828265	4713	5.461e-02
212kHz_150dA_100Mss_bobN1NE5X0257.txt	260.24	23.54	292.23	5.83	57041.50	1004.02	2.121791e+05	3.157457e+01	6.355024e+00	202.17	53.978636	4713	5.473e-02
212kHz_150dA_100Mss_bobN1NE5X0258.txt	260.75	23.85	291.19	5.83	57041.50	1004.37	2.121791e+05	3.158459e+01	6.354989e+00	202.14	53.951713	4713	5.464e-02
212kHz_150dA_100Mss_bobN1NE5X0259.txt	261.25	24.12	290.64	5.79	57041.50	1005.09	2.121791e+05	3.160864e+01	6.354149e+00	199.93	53.318874	4713	5.478e-02
212kHz_150dA_100Mss_bobN1NE5X0260.txt	261.75	24.38	290.71	5.83	57041.50	995.70	2.121791e+05	3.134550e+01	6.355383e+00	201.71	54.248943	4713	5.445e-02
212kHz_150dA_100Mss_bobN1NE5X0261.txt	262.24	24.62	289.46	5.79	57041.50	1001.04	2.121791e+05	3.148617e+01	6.354476e+00	200.07	53.565285	4713	5.458e-02
212kHz_150dA_100Mss_bobN1NE5X0262.txt	262.75	24.88	289.13	5.78	57041.50	999.36	2.121791e+05	3.144166e+01	6.354006e+00	198.47	53.211074	4713	5.458e-02
212kHz_150dA_100Mss_bobN1NE5X0263.txt	263.25	25.10	289.03	5.77	57041.50	1008.64	2.121791e+05	3.169207e+01	6.353573e+00	198.83	52.884512	4713	5.477e-02
212kHz_150dA_100Mss_bobN1NE5X0264.txt	263.76	25.30	289.03	5.77	57041.50	1005.88	2.121791e+05	3.163571e+01	6.354159e+00	200.13	53.325944	4713	5.476e-02
212kHz_150dA_100Mss_bobN1NE5X0265.txt	264.3	25.55	288.50	5.76	57041.50	1007.08	2.121791e+05	3.162821e+01	6.353157e+00	197.26	52.571012	4713	5.464e-02
212kHz_150dA_100Mss_bobN1NE5X0266.txt	265.32	26.03	289.20	5.76	57041.50	1010.25	2.121791e+05	3.173408e+01	6.353738e+00	199.56	53.008504	4713	5.486e-02
212kHz_150dA_100Mss_bobN1NE5X0267.txt	265.82	26.23	287.64	5.75	57041.50	1010.25	2.121791e+05	3.172319e+01	6.353532e+00	198.91	52.853200	4713	5.469e-02
212kHz_150dA_100Mss_bobN1NE5X0268.txt	266.33	26.53	287.37	5.73	57041.50	1014.27	2.121791e+05	3.184012e+01	6.353213e+00	198.74	52.613065	4713	5.473e-02
212kHz_150dA_100Mss_bobN1NE5X0269.txt	266.85	26.90	287.42	5.74	57041.50	1009.83	2.121791e+05	3.170849e+01	6.353383e+00	198.40	52.741747	4713	5.475e-02
212kHz_150dA_100Mss_bobN1NE5X0270.txt	267.36	27.14	287.87	5.78	57041.50	1008.43	2.121791e+05	3.166889e+01	6.354925e+00	202.50	53.903227	4713	5.422e-02
212kHz_150dA_100Mss_bobN1NE5X0271.txt	267.87	27.35	287.32	5.72	57041.50	1013.28	2.121791e+05	3.182080e+01	6.352897e+00	197.73	52.374789	4713	5.471e-02
212kHz_150dA_100Mss_bobN1NE5X0272.txt	268.36	27.47	285.94	5.72	57041.50	1006.40	2.121791e+05	3.161587e+01	6.353017e+00	196.79	52.465591	4713	5.454e-02
212kHz_150dA_100Mss_bobN1NE5X0273.txt	268.87	27.57	286.29	5.69	57041.50	1013.27	2.121791e+05	3.181832e+01	6.352663e+00	197.05	52.197865	4713	5.485e-02
212kHz_150dA_100Mss_bobN1NE5X0274.txt	269.38	27.75	285.13	5.70	57041.50	1009.63	2.121791e+05	3.170052e+01	6.352619e+00	196.19	52.165328	4713	5.467e-02
212kHz_150dA_100Mss_bobN1NE5X0275.txt	269.87	27.95	285.89	5.72	57041.50	1005.43	2.121791e+05	3.158278e+01	6.353142e+00	196.94	52.559591	4713	5.459e-02
212kHz_150dA_100Mss_bobN1NE5X0276.txt	270.38	28.15	284.97	5.67	57041.50	1015.15	2.121791e+05	3.185768e+01	6.352146e+00	195.83	51.808781	4713	5.491e-02
212kHz_150dA_100Mss_bobN1NE5X0277.txt	270.86	28.34	285.81	5.67	57041.50	1017.59	2.121791e+05	3.191698e+01	6.352149e+00	196.20	51.810824	4713	5.502e-02
212kHz_150dA_100Mss_bobN1NE5X0278.txt	271.36	28.54	285.43	5.68	57041.50	1012.17	2.121791e+05	3.177710e+01	6.352946e+00	197.59	52.411350	4713	5.468e-02
212kHz_150dA_100Mss_bobN1NE5X0279.txt	271.89	28.76	285.02	5.69	57041.50	1008.56	2.121791e+05	3.167724e+01	6.352370e+00	195.35	51.977424	4713	5.466e-02
212kHz_150dA_100Mss_bobN1NE5X0280.txt	272.38	28.91	284.15	5.64	57041.50	1019.08	2.121791e+05	3.196770e+01	6.351774e+00	195.44	51.527598	4713	5.497e-02
212kHz_150dA_100Mss_bobN1NE5X0281.txt	272.9	29.07	283.21	5.64	57041.50	1015.31	2.121791e+05	3.184734e+01	6.351454e+00	193.80	51.287215	4713	5.483e-02
212kHz_150dA_100Mss_bobN1NE5X0282.txt	273.4	29.26	284.45	5.66	57041.50	1016.35	2.121791e+05	3.188650e+01	6.352454e+00	196.88	52.040208	4713	5.485e-02
212kHz_150dA_100Mss_bobN1NE5X0283.txt	273.9	29.46	284.58	5.65	57041.50	1031.75	2.121791e+05	3.229525e+01	6.352369e+00	199.16	51.976508	4713	5.497e-02
212kHz_150dA_100Mss_bobN1NE5X0284.txt	274.42	29.67	282.46	5.63	57041.50	1021.07	2.121791e+05	3.198452e+01	6.351006e+00	193.36	50.949648	4713	5.459e-02
212kHz_150dA_100Mss_bobN1NE5X0285.txt	275.44	30.16	281.93	5.57	57041.50	1024.69	2.121791e+05	3.211508e+01	6.349914e+00	191.03	50.127051	4713	5.501e-02
212kHz_150dA_100Mss_bobN1NE5X0286.txt	275.94	30.46	283.25	5.63	57041.50	1023.51	2.121791e+05	3.207653e+01	6.351999e+00	196.75	51.697631	4713	5.480e-02
212kHz_150dA_100Mss_bobN1NE5X0287.txt	276.45	30.64	282.59	5.56	57041.50	1030.44	2.121791e+05	3.226335e+01	6.349844e+00	191.71	50.073802	4713	5.551e-02
212kHz_150dA_100Mss_bobN1NE5X0288.txt	276.95	30.78	282.61	5.60	57041.50	1022.13	2.121791e+05	3.205833e+01	6.351370e+00	194.84	51.223368	4713	5.511e-02
212kHz_150dA_100Mss_bobN1NE5X0289.txt	277.46	30.94	282.30	5.61	57041.50	1017.38	2.121791e+05	3.189994e+01	6.351985e+00	195.63	51.687505	4713	5.496e-02
212kHz_150dA_100Mss_bobN1NE5X0290.txt	277.97	31.09	281.76	5.60	57041.50	1022.56	2.121791e+05	3.201631e+01	6.351071e+00	193.74	50.998736	4713	5.472e-02
212kHz_150dA_100Mss_bobN1NE5X0291.txt	278.57	31.21	281.25	5.62	57041.50	1014.50	2.121791e+05	3.181613e+01	6.351658e+00	194.19	51.440637	4713	5.441e-02
212kHz_150dA_100Mss_bobN1NE5X0292.txt	279.15	31.34	281.51	5.57	57041.50	1027.61	2.121791e+05	3.217756e+01	6.350689e+00	193.62	50.710843	4713	5.499e-02
212kHz_150dA_100Mss_bobN1NE5X0293.txt	279.65	31.49	281.11	5.59	57041.50	1020.80	2.121791e+05	3.196976e+01	6.351223e+00	193.89	51.112865	4713	5.464e-02
212kHz_150dA_100Mss_bobN1NE5X0294.txt	280.18	31.64	279.95	5.56	57041.50	1023.35	2.121791e+05	3.204010e+01	6.350141e+00	191.23	50.297687	4713	5.491e-02
212kHz_150dA_100Mss_bobN1NE5X0295.txt	280.67	31.73	283.56	5.67	57041.50	1021.76	2.121791e+05	3.201265e+01	6.354680e+00	204.00	53.718262	4713	5.449e-02
