# Temperatura_=_4.336713286713287
# Concentracion g/m^3_=_19900.0
# C_Vs_to_Am_M_A/Vsm_=_116720831517.84952
# pendiente_HvsI_1/m_=_3716.3
# ordenada_HvsI_A/m_=_1297.0
# frecuencia_Hz_=_212186.32205887767
# Promedio de 286 ciclos

Tiempo_(s)	Campo_(V.s)	Magnetizacion_(V.s)	Campo_(kA/m)	Magnetizacion_(A/m)
0.000000e+00	-9.234254e-10	-7.963494e-09	-5.686868e+01	-9.318087e+02
1.000000e-08	-9.232463e-10	-7.961019e-09	-5.685765e+01	-9.317290e+02
2.000000e-08	-9.228952e-10	-7.963370e-09	-5.683603e+01	-9.316142e+02
3.000000e-08	-9.223977e-10	-7.963618e-09	-5.680539e+01	-9.314661e+02
4.000000e-08	-9.217730e-10	-7.961133e-09	-5.676692e+01	-9.312864e+02
5.000000e-08	-9.210128e-10	-7.958948e-09	-5.672011e+01	-9.310759e+02
6.000000e-08	-9.200958e-10	-7.955989e-09	-5.666363e+01	-9.308352e+02
7.000000e-08	-9.190001e-10	-7.950652e-09	-5.659616e+01	-9.305640e+02
8.000000e-08	-9.177228e-10	-7.940914e-09	-5.651750e+01	-9.302610e+02
9.000000e-08	-9.162507e-10	-7.935048e-09	-5.642684e+01	-9.299247e+02
1.000000e-07	-9.145343e-10	-7.989784e-09	-5.632113e+01	-9.295525e+02
1.100000e-07	-9.125988e-10	-8.029719e-09	-5.620194e+01	-9.291415e+02
1.200000e-07	-9.105397e-10	-7.984562e-09	-5.607513e+01	-9.286886e+02
1.300000e-07	-9.083966e-10	-7.967046e-09	-5.594315e+01	-9.281906e+02
1.400000e-07	-9.061755e-10	-7.924741e-09	-5.580636e+01	-9.276444e+02
1.500000e-07	-9.038287e-10	-7.830883e-09	-5.566184e+01	-9.270475e+02
1.600000e-07	-9.012579e-10	-7.928460e-09	-5.550352e+01	-9.263978e+02
1.700000e-07	-8.984987e-10	-7.952201e-09	-5.533359e+01	-9.256942e+02
1.800000e-07	-8.956037e-10	-7.862112e-09	-5.515531e+01	-9.249366e+02
1.900000e-07	-8.925405e-10	-7.986182e-09	-5.496666e+01	-9.241259e+02
2.000000e-07	-8.893687e-10	-7.933251e-09	-5.477133e+01	-9.232640e+02
2.100000e-07	-8.860855e-10	-7.828638e-09	-5.456913e+01	-9.223538e+02
2.200000e-07	-8.826419e-10	-7.912261e-09	-5.435706e+01	-9.213992e+02
2.300000e-07	-8.790444e-10	-7.844106e-09	-5.413551e+01	-9.204044e+02
2.400000e-07	-8.752490e-10	-7.827523e-09	-5.390178e+01	-9.193743e+02
2.500000e-07	-8.712720e-10	-7.895353e-09	-5.365685e+01	-9.183135e+02
2.600000e-07	-8.671597e-10	-7.849767e-09	-5.340360e+01	-9.172265e+02
2.700000e-07	-8.628954e-10	-7.864355e-09	-5.314099e+01	-9.161172e+02
2.800000e-07	-8.584745e-10	-7.857897e-09	-5.286873e+01	-9.149886e+02
2.900000e-07	-8.538924e-10	-7.812616e-09	-5.258654e+01	-9.138425e+02
3.000000e-07	-8.491542e-10	-7.790356e-09	-5.229475e+01	-9.126793e+02
3.100000e-07	-8.442481e-10	-7.786264e-09	-5.199261e+01	-9.114980e+02
3.200000e-07	-8.391323e-10	-7.804769e-09	-5.167755e+01	-9.102961e+02
3.300000e-07	-8.338215e-10	-7.795077e-09	-5.135050e+01	-9.090698e+02
3.400000e-07	-8.283562e-10	-7.804995e-09	-5.101392e+01	-9.078137e+02
3.500000e-07	-8.227768e-10	-7.764898e-09	-5.067031e+01	-9.065217e+02
3.600000e-07	-8.170664e-10	-7.727356e-09	-5.031864e+01	-9.051868e+02
3.700000e-07	-8.111778e-10	-7.740471e-09	-4.995599e+01	-9.038018e+02
3.800000e-07	-8.051210e-10	-7.704825e-09	-4.958299e+01	-9.023594e+02
3.900000e-07	-7.989203e-10	-7.700516e-09	-4.920112e+01	-9.008527e+02
4.000000e-07	-7.925965e-10	-7.715821e-09	-4.881167e+01	-8.992757e+02
4.100000e-07	-7.861455e-10	-7.708252e-09	-4.841439e+01	-8.976234e+02
4.200000e-07	-7.795513e-10	-7.690579e-09	-4.800829e+01	-8.958923e+02
4.300000e-07	-7.728153e-10	-7.652747e-09	-4.759346e+01	-8.940802e+02
4.400000e-07	-7.659491e-10	-7.623861e-09	-4.717061e+01	-8.921867e+02
4.500000e-07	-7.589574e-10	-7.604595e-09	-4.674003e+01	-8.902129e+02
4.600000e-07	-7.518301e-10	-7.605996e-09	-4.630110e+01	-8.881612e+02
4.700000e-07	-7.445651e-10	-7.595265e-09	-4.585369e+01	-8.860350e+02
4.800000e-07	-7.371623e-10	-7.576447e-09	-4.539779e+01	-8.838389e+02
4.900000e-07	-7.296216e-10	-7.564933e-09	-4.493341e+01	-8.815775e+02
5.000000e-07	-7.219374e-10	-7.539164e-09	-4.446018e+01	-8.792556e+02
5.100000e-07	-7.141061e-10	-7.513697e-09	-4.397789e+01	-8.768774e+02
5.200000e-07	-7.061367e-10	-7.483376e-09	-4.348710e+01	-8.744463e+02
5.300000e-07	-6.980413e-10	-7.464009e-09	-4.298855e+01	-8.719645e+02
5.400000e-07	-6.898241e-10	-7.457598e-09	-4.248250e+01	-8.694324e+02
5.500000e-07	-6.814882e-10	-7.445575e-09	-4.196914e+01	-8.668488e+02
5.600000e-07	-6.730443e-10	-7.417813e-09	-4.144912e+01	-8.642109e+02
5.700000e-07	-6.645016e-10	-7.384619e-09	-4.092302e+01	-8.615137e+02
5.800000e-07	-6.558624e-10	-7.359909e-09	-4.039098e+01	-8.587508e+02
5.900000e-07	-6.471194e-10	-7.336109e-09	-3.985255e+01	-8.559145e+02
6.000000e-07	-6.382573e-10	-7.311976e-09	-3.930678e+01	-8.529959e+02
6.100000e-07	-6.292686e-10	-7.284449e-09	-3.875322e+01	-8.499859e+02
6.200000e-07	-6.201667e-10	-7.259524e-09	-3.819268e+01	-8.468751e+02
6.300000e-07	-6.109559e-10	-7.237139e-09	-3.762544e+01	-8.436545e+02
6.400000e-07	-6.016311e-10	-7.207248e-09	-3.705118e+01	-8.403161e+02
6.500000e-07	-5.921992e-10	-7.167188e-09	-3.647032e+01	-8.368533e+02
6.600000e-07	-5.826635e-10	-7.128009e-09	-3.588307e+01	-8.332611e+02
6.700000e-07	-5.730232e-10	-7.099544e-09	-3.528937e+01	-8.295361e+02
6.800000e-07	-5.632711e-10	-7.073694e-09	-3.468880e+01	-8.256771e+02
6.900000e-07	-5.534073e-10	-7.042535e-09	-3.408134e+01	-8.216846e+02
7.000000e-07	-5.434382e-10	-7.005865e-09	-3.346740e+01	-8.175606e+02
7.100000e-07	-5.333660e-10	-6.970290e-09	-3.284711e+01	-8.133084e+02
7.200000e-07	-5.232006e-10	-6.935096e-09	-3.222108e+01	-8.089321e+02
7.300000e-07	-5.129473e-10	-6.893782e-09	-3.158963e+01	-8.044357e+02
7.400000e-07	-5.026078e-10	-6.848283e-09	-3.095288e+01	-7.998229e+02
7.500000e-07	-4.921760e-10	-6.805831e-09	-3.031044e+01	-7.950965e+02
7.600000e-07	-4.816509e-10	-6.771718e-09	-2.966226e+01	-7.902571e+02
7.700000e-07	-4.710418e-10	-6.737935e-09	-2.900890e+01	-7.853033e+02
7.800000e-07	-4.603529e-10	-6.695894e-09	-2.835064e+01	-7.802312e+02
7.900000e-07	-4.495830e-10	-6.646758e-09	-2.768738e+01	-7.750334e+02
8.000000e-07	-4.387266e-10	-6.596427e-09	-2.701879e+01	-7.697000e+02
8.100000e-07	-4.277917e-10	-6.547263e-09	-2.634537e+01	-7.642177e+02
8.200000e-07	-4.167893e-10	-6.495196e-09	-2.566779e+01	-7.585705e+02
8.300000e-07	-4.057265e-10	-6.440016e-09	-2.498649e+01	-7.527401e+02
8.400000e-07	-3.946039e-10	-6.386985e-09	-2.430151e+01	-7.467065e+02
8.500000e-07	-3.834135e-10	-6.337749e-09	-2.361235e+01	-7.404487e+02
8.600000e-07	-3.721503e-10	-6.284900e-09	-2.291871e+01	-7.339450e+02
8.700000e-07	-3.608154e-10	-6.223537e-09	-2.222067e+01	-7.271746e+02
8.800000e-07	-3.494156e-10	-6.156797e-09	-2.151862e+01	-7.201176e+02
8.900000e-07	-3.379559e-10	-6.091334e-09	-2.081288e+01	-7.127560e+02
9.000000e-07	-3.264352e-10	-6.026899e-09	-2.010339e+01	-7.050739e+02
9.100000e-07	-3.148495e-10	-5.959121e-09	-1.938989e+01	-6.970580e+02
9.200000e-07	-3.031981e-10	-5.886388e-09	-1.867235e+01	-6.886972e+02
9.300000e-07	-2.914866e-10	-5.812254e-09	-1.795110e+01	-6.799828e+02
9.400000e-07	-2.797231e-10	-5.739064e-09	-1.722665e+01	-6.709076e+02
9.500000e-07	-2.679130e-10	-5.663408e-09	-1.649933e+01	-6.614649e+02
9.600000e-07	-2.560585e-10	-5.581119e-09	-1.576927e+01	-6.516479e+02
9.700000e-07	-2.441602e-10	-5.492684e-09	-1.503652e+01	-6.414480e+02
9.800000e-07	-2.322178e-10	-5.402391e-09	-1.430106e+01	-6.308532e+02
9.900000e-07	-2.202302e-10	-5.310405e-09	-1.356281e+01	-6.198474e+02
1.000000e-06	-2.081959e-10	-5.211922e-09	-1.282168e+01	-6.084079e+02
1.010000e-06	-1.961177e-10	-5.103983e-09	-1.207784e+01	-5.965050e+02
1.020000e-06	-1.840018e-10	-4.992476e-09	-1.133170e+01	-5.841002e+02
1.030000e-06	-1.718516e-10	-4.881665e-09	-1.058343e+01	-5.711458e+02
1.040000e-06	-1.596676e-10	-4.767076e-09	-9.833085e+00	-5.575845e+02
1.050000e-06	-1.474508e-10	-4.642589e-09	-9.080720e+00	-5.433493e+02
1.060000e-06	-1.352060e-10	-4.508149e-09	-8.326633e+00	-5.283641e+02
1.070000e-06	-1.229397e-10	-4.369518e-09	-7.571223e+00	-5.125452e+02
1.080000e-06	-1.106523e-10	-4.225361e-09	-6.814511e+00	-4.958026e+02
1.090000e-06	-9.834277e-11	-4.069581e-09	-6.056435e+00	-4.780425e+02
1.100000e-06	-8.601422e-11	-3.901889e-09	-5.297189e+00	-4.591696e+02
1.110000e-06	-7.367005e-11	-3.726294e-09	-4.536981e+00	-4.390910e+02
1.120000e-06	-6.131208e-11	-3.545511e-09	-3.775923e+00	-4.177188e+02
1.130000e-06	-4.894206e-11	-3.357030e-09	-3.014123e+00	-3.949738e+02
1.140000e-06	-3.656420e-11	-3.155649e-09	-2.251839e+00	-3.707896e+02
1.150000e-06	-2.418290e-11	-2.938606e-09	-1.489344e+00	-3.451155e+02
1.160000e-06	-1.180058e-11	-2.708567e-09	-7.267858e-01	-3.179200e+02
1.170000e-06	5.822384e-13	-2.466815e-09	3.580303e-02	-2.891935e+02
1.180000e-06	1.296439e-11	-2.208584e-09	7.983511e-01	-2.589508e+02
1.190000e-06	2.534097e-11	-1.932757e-09	1.560555e+00	-2.272322e+02
1.200000e-06	3.770712e-11	-1.644968e-09	2.322118e+00	-1.941052e+02
1.210000e-06	5.006165e-11	-1.349014e-09	3.082964e+00	-1.596639e+02
1.220000e-06	6.240464e-11	-1.043505e-09	3.843099e+00	-1.240286e+02
1.230000e-06	7.473431e-11	-7.272411e-10	4.602414e+00	-8.734418e+01
1.240000e-06	8.704727e-11	-4.029164e-10	5.360700e+00	-4.977755e+01
1.250000e-06	9.934096e-11	-7.223763e-11	6.117799e+00	-1.151488e+01
1.260000e-06	1.116151e-10	2.605696e-10	6.873694e+00	2.724230e+01
1.270000e-06	1.238688e-10	5.956573e-10	7.628334e+00	6.628128e+01
1.280000e-06	1.360997e-10	9.316438e-10	8.381562e+00	1.053828e+02
1.290000e-06	1.483052e-10	1.263432e-09	9.133236e+00	1.443256e+02
1.300000e-06	1.604850e-10	1.589539e-09	9.883318e+00	1.828915e+02
1.310000e-06	1.726385e-10	1.909705e-09	1.063179e+01	2.208700e+02
1.320000e-06	1.847628e-10	2.224409e-09	1.137845e+01	2.580625e+02
1.330000e-06	1.968537e-10	2.531598e-09	1.212307e+01	2.942863e+02
1.340000e-06	2.089096e-10	2.828985e-09	1.286552e+01	3.293784e+02
1.350000e-06	2.209291e-10	3.112402e-09	1.360574e+01	3.631974e+02
1.360000e-06	2.329095e-10	3.384688e-09	1.434354e+01	3.956263e+02
1.370000e-06	2.448490e-10	3.646430e-09	1.507884e+01	4.265734e+02
1.380000e-06	2.567472e-10	3.896472e-09	1.581158e+01	4.559727e+02
1.390000e-06	2.686050e-10	4.134481e-09	1.654184e+01	4.837835e+02
1.400000e-06	2.804229e-10	4.358589e-09	1.726964e+01	5.099898e+02
1.410000e-06	2.921969e-10	4.569475e-09	1.799474e+01	5.345981e+02
1.420000e-06	3.039186e-10	4.764864e-09	1.871661e+01	5.576358e+02
1.430000e-06	3.155785e-10	4.944296e-09	1.943468e+01	5.791479e+02
1.440000e-06	3.271720e-10	5.107813e-09	2.014866e+01	5.991948e+02
1.450000e-06	3.387000e-10	5.262193e-09	2.085860e+01	6.178487e+02
1.460000e-06	3.501638e-10	5.410977e-09	2.156459e+01	6.351907e+02
1.470000e-06	3.615618e-10	5.551860e-09	2.226653e+01	6.513076e+02
1.480000e-06	3.728901e-10	5.683244e-09	2.296418e+01	6.662893e+02
1.490000e-06	3.841454e-10	5.803520e-09	2.365733e+01	6.802260e+02
1.500000e-06	3.953266e-10	5.913376e-09	2.434592e+01	6.932059e+02
1.510000e-06	4.064355e-10	6.011579e-09	2.503005e+01	7.053135e+02
1.520000e-06	4.174776e-10	6.100910e-09	2.571008e+01	7.166279e+02
1.530000e-06	4.284568e-10	6.184064e-09	2.638623e+01	7.272221e+02
1.540000e-06	4.393690e-10	6.263950e-09	2.705826e+01	7.371623e+02
1.550000e-06	4.502023e-10	6.344315e-09	2.772542e+01	7.465074e+02
1.560000e-06	4.609469e-10	6.423300e-09	2.838712e+01	7.553095e+02
1.570000e-06	4.716027e-10	6.497406e-09	2.904335e+01	7.636140e+02
1.580000e-06	4.821720e-10	6.565634e-09	2.969426e+01	7.714604e+02
1.590000e-06	4.926497e-10	6.628002e-09	3.033952e+01	7.788829e+02
1.600000e-06	5.030300e-10	6.684837e-09	3.097878e+01	7.859112e+02
1.610000e-06	5.133164e-10	6.737229e-09	3.161227e+01	7.925715e+02
1.620000e-06	5.235176e-10	6.786817e-09	3.224051e+01	7.988871e+02
1.630000e-06	5.336331e-10	6.835504e-09	3.286347e+01	8.048794e+02
1.640000e-06	5.436513e-10	6.883663e-09	3.348043e+01	8.105682e+02
1.650000e-06	5.535641e-10	6.929564e-09	3.409090e+01	8.159724e+02
1.660000e-06	5.633732e-10	6.971580e-09	3.469500e+01	8.211101e+02
1.670000e-06	5.730782e-10	7.010997e-09	3.529267e+01	8.259990e+02
1.680000e-06	5.826759e-10	7.048330e-09	3.588374e+01	8.306565e+02
1.690000e-06	5.921711e-10	7.083383e-09	3.646850e+01	8.350992e+02
1.700000e-06	6.015730e-10	7.115399e-09	3.704751e+01	8.393434e+02
1.710000e-06	6.108856e-10	7.145517e-09	3.762103e+01	8.434044e+02
1.720000e-06	6.200995e-10	7.175675e-09	3.818846e+01	8.472966e+02
1.730000e-06	6.292024e-10	7.205139e-09	3.874906e+01	8.510330e+02
1.740000e-06	6.381913e-10	7.233600e-09	3.930264e+01	8.546253e+02
1.750000e-06	6.470633e-10	7.260788e-09	3.984901e+01	8.580837e+02
1.760000e-06	6.558193e-10	7.287653e-09	4.038825e+01	8.614167e+02
1.770000e-06	6.644678e-10	7.314730e-09	4.092086e+01	8.646313e+02
1.780000e-06	6.730148e-10	7.341540e-09	4.144723e+01	8.677329e+02
1.790000e-06	6.814578e-10	7.365924e-09	4.196719e+01	8.707257e+02
1.800000e-06	6.897871e-10	7.386951e-09	4.248014e+01	8.736127e+02
1.810000e-06	6.979947e-10	7.406312e-09	4.298560e+01	8.763961e+02
1.820000e-06	7.060737e-10	7.425708e-09	4.348315e+01	8.790774e+02
1.830000e-06	7.140245e-10	7.446241e-09	4.397279e+01	8.816580e+02
1.840000e-06	7.218512e-10	7.467341e-09	4.445480e+01	8.841392e+02
1.850000e-06	7.295517e-10	7.489004e-09	4.492903e+01	8.865224e+02
1.860000e-06	7.371140e-10	7.510554e-09	4.539475e+01	8.888097e+02
1.870000e-06	7.445274e-10	7.530655e-09	4.585130e+01	8.910035e+02
1.880000e-06	7.517940e-10	7.548431e-09	4.629881e+01	8.931068e+02
1.890000e-06	7.589225e-10	7.565050e-09	4.673782e+01	8.951234e+02
1.900000e-06	7.659214e-10	7.581415e-09	4.716884e+01	8.970574e+02
1.910000e-06	7.727933e-10	7.597507e-09	4.759205e+01	8.989134e+02
1.920000e-06	7.795282e-10	7.613316e-09	4.800681e+01	9.006963e+02
1.930000e-06	7.861125e-10	7.629395e-09	4.841230e+01	9.024111e+02
1.940000e-06	7.925499e-10	7.645992e-09	4.880875e+01	9.040626e+02
1.950000e-06	7.988529e-10	7.661183e-09	4.919692e+01	9.056553e+02
1.960000e-06	8.050279e-10	7.675481e-09	4.957721e+01	9.071931e+02
1.970000e-06	8.110764e-10	7.688372e-09	4.994970e+01	9.086797e+02
1.980000e-06	8.169838e-10	7.700063e-09	5.031350e+01	9.101175e+02
1.990000e-06	8.227331e-10	7.712622e-09	5.066757e+01	9.115087e+02
2.000000e-06	8.283300e-10	7.724943e-09	5.101225e+01	9.128545e+02
2.010000e-06	8.337823e-10	7.738699e-09	5.134803e+01	9.141555e+02
2.020000e-06	8.390800e-10	7.752493e-09	5.167428e+01	9.154118e+02
2.030000e-06	8.442038e-10	7.765052e-09	5.198984e+01	9.166229e+02
2.040000e-06	8.491503e-10	7.776473e-09	5.229446e+01	9.177884e+02
2.050000e-06	8.539393e-10	7.785538e-09	5.258939e+01	9.189075e+02
2.060000e-06	8.585872e-10	7.792584e-09	5.287563e+01	9.199798e+02
2.070000e-06	8.631010e-10	7.798875e-09	5.315361e+01	9.210049e+02
2.080000e-06	8.674742e-10	7.806940e-09	5.342294e+01	9.219830e+02
2.090000e-06	8.716839e-10	7.817612e-09	5.368219e+01	9.229145e+02
2.100000e-06	8.757344e-10	7.831581e-09	5.393163e+01	9.238007e+02
2.110000e-06	8.796420e-10	7.845042e-09	5.417228e+01	9.246429e+02
2.120000e-06	8.834077e-10	7.854963e-09	5.440419e+01	9.254432e+02
2.130000e-06	8.870329e-10	7.861793e-09	5.462745e+01	9.262039e+02
2.140000e-06	8.904978e-10	7.866829e-09	5.484084e+01	9.269274e+02
2.150000e-06	8.937945e-10	7.871339e-09	5.504386e+01	9.276162e+02
2.160000e-06	8.969419e-10	7.876918e-09	5.523770e+01	9.282727e+02
2.170000e-06	8.999453e-10	7.884699e-09	5.542266e+01	9.288991e+02
2.180000e-06	9.028062e-10	7.894784e-09	5.559884e+01	9.294969e+02
2.190000e-06	9.055046e-10	7.904899e-09	5.576502e+01	9.300673e+02
2.200000e-06	9.080211e-10	7.912451e-09	5.592000e+01	9.306108e+02
2.210000e-06	9.103746e-10	7.917585e-09	5.606495e+01	9.311271e+02
2.220000e-06	9.125780e-10	7.920585e-09	5.620064e+01	9.316156e+02
2.230000e-06	9.146364e-10	7.923420e-09	5.632741e+01	9.320747e+02
2.240000e-06	9.165416e-10	7.927378e-09	5.644474e+01	9.325027e+02
2.250000e-06	9.182762e-10	7.932995e-09	5.655156e+01	9.328975e+02
2.260000e-06	9.198409e-10	7.939557e-09	5.664792e+01	9.332566e+02
2.270000e-06	9.212380e-10	7.946246e-09	5.673397e+01	9.335778e+02
2.280000e-06	9.224606e-10	7.951597e-09	5.680926e+01	9.338589e+02
2.290000e-06	9.234926e-10	7.954528e-09	5.687282e+01	9.340982e+02
2.300000e-06	9.243446e-10	7.955788e-09	5.692529e+01	9.342944e+02
2.310000e-06	9.250401e-10	7.955837e-09	5.696812e+01	9.344469e+02
2.320000e-06	9.255840e-10	7.957276e-09	5.700162e+01	9.345555e+02
2.330000e-06	9.259735e-10	7.960330e-09	5.702560e+01	9.346209e+02
2.340000e-06	9.261879e-10	7.963438e-09	5.703881e+01	9.346442e+02
2.350000e-06	9.262316e-10	7.965869e-09	5.704150e+01	9.346269e+02
2.360000e-06	9.261259e-10	7.969459e-09	5.703499e+01	9.345711e+02
2.370000e-06	9.258782e-10	7.970942e-09	5.701974e+01	9.344787e+02
2.380000e-06	9.254944e-10	7.965709e-09	5.699610e+01	9.343519e+02
2.390000e-06	9.249482e-10	7.962610e-09	5.696247e+01	9.341924e+02
2.400000e-06	9.242375e-10	7.961243e-09	5.691870e+01	9.340016e+02
2.410000e-06	9.233879e-10	7.958773e-09	5.686638e+01	9.337804e+02
2.420000e-06	9.223910e-10	7.958242e-09	5.680498e+01	9.335290e+02
2.430000e-06	9.212415e-10	7.965990e-09	5.673419e+01	9.332466e+02
2.440000e-06	9.199355e-10	7.977250e-09	5.665377e+01	9.329321e+02
2.450000e-06	9.184385e-10	7.898490e-09	5.656157e+01	9.325833e+02
2.460000e-06	9.167022e-10	7.841887e-09	5.645465e+01	9.321977e+02
2.470000e-06	9.147232e-10	7.883245e-09	5.633278e+01	9.317723e+02
2.480000e-06	9.125419e-10	7.889141e-09	5.619844e+01	9.313038e+02
2.490000e-06	9.102559e-10	7.997865e-09	5.605766e+01	9.307891e+02
2.500000e-06	9.079536e-10	8.008720e-09	5.591587e+01	9.302253e+02
2.510000e-06	9.055110e-10	7.862863e-09	5.576545e+01	9.296099e+02
2.520000e-06	9.028869e-10	7.985723e-09	5.560384e+01	9.289412e+02
2.530000e-06	9.001902e-10	7.998423e-09	5.543777e+01	9.282186e+02
2.540000e-06	8.972939e-10	7.895896e-09	5.525940e+01	9.274421e+02
2.550000e-06	8.941775e-10	8.056966e-09	5.506748e+01	9.266130e+02
2.560000e-06	8.909190e-10	8.002466e-09	5.486681e+01	9.257337e+02
2.570000e-06	8.874520e-10	7.933295e-09	5.465330e+01	9.248074e+02
2.580000e-06	8.838872e-10	8.031092e-09	5.443376e+01	9.238380e+02
2.590000e-06	8.802338e-10	7.900592e-09	5.420877e+01	9.228301e+02
2.600000e-06	8.763788e-10	7.927091e-09	5.397136e+01	9.217886e+02
2.610000e-06	8.723726e-10	7.968230e-09	5.372464e+01	9.207179e+02
2.620000e-06	8.681826e-10	7.879857e-09	5.346660e+01	9.196226e+02
2.630000e-06	8.638352e-10	7.968680e-09	5.319887e+01	9.185061e+02
2.640000e-06	8.593621e-10	7.915712e-09	5.292340e+01	9.173711e+02
2.650000e-06	8.546954e-10	7.919828e-09	5.263600e+01	9.162188e+02
2.660000e-06	8.499090e-10	7.949205e-09	5.234123e+01	9.150493e+02
2.670000e-06	8.449784e-10	7.864245e-09	5.203759e+01	9.138610e+02
2.680000e-06	8.398799e-10	7.896040e-09	5.172360e+01	9.126510e+02
2.690000e-06	8.346204e-10	7.836947e-09	5.139970e+01	9.114147e+02
2.700000e-06	8.291262e-10	7.873034e-09	5.106134e+01	9.101466e+02
2.710000e-06	8.234764e-10	7.878319e-09	5.071340e+01	9.088403e+02
2.720000e-06	8.176961e-10	7.820943e-09	5.035742e+01	9.074885e+02
2.730000e-06	8.117876e-10	7.884714e-09	4.999355e+01	9.060841e+02
2.740000e-06	8.057495e-10	7.804269e-09	4.962170e+01	9.046197e+02
2.750000e-06	7.995271e-10	7.791809e-09	4.923850e+01	9.030889e+02
2.760000e-06	7.931710e-10	7.770876e-09	4.884706e+01	9.014859e+02
2.770000e-06	7.866737e-10	7.740857e-09	4.844693e+01	8.998062e+02
2.780000e-06	7.800316e-10	7.778527e-09	4.803788e+01	8.980467e+02
2.790000e-06	7.732457e-10	7.737612e-09	4.761997e+01	8.962060e+02
2.800000e-06	7.663100e-10	7.740424e-09	4.719284e+01	8.942841e+02
2.810000e-06	7.592740e-10	7.695345e-09	4.675953e+01	8.922825e+02
2.820000e-06	7.521126e-10	7.682546e-09	4.631850e+01	8.902041e+02
2.830000e-06	7.448129e-10	7.669294e-09	4.586895e+01	8.880528e+02
2.840000e-06	7.373602e-10	7.632983e-09	4.540999e+01	8.858331e+02
2.850000e-06	7.297608e-10	7.636345e-09	4.494198e+01	8.835499e+02
2.860000e-06	7.220310e-10	7.608497e-09	4.446595e+01	8.812077e+02
2.870000e-06	7.141498e-10	7.613782e-09	4.398059e+01	8.788105e+02
2.880000e-06	7.061419e-10	7.576039e-09	4.348743e+01	8.763613e+02
2.890000e-06	6.980222e-10	7.536434e-09	4.298738e+01	8.738617e+02
2.900000e-06	6.898013e-10	7.509687e-09	4.248110e+01	8.713117e+02
2.910000e-06	6.814670e-10	7.490250e-09	4.196784e+01	8.687094e+02
2.920000e-06	6.730009e-10	7.484944e-09	4.144646e+01	8.660511e+02
2.930000e-06	6.644075e-10	7.455833e-09	4.091724e+01	8.633316e+02
2.940000e-06	6.556925e-10	7.435118e-09	4.038053e+01	8.605438e+02
2.950000e-06	6.468726e-10	7.401843e-09	3.983736e+01	8.576796e+02
2.960000e-06	6.379451e-10	7.378496e-09	3.928756e+01	8.547300e+02
2.970000e-06	6.289063e-10	7.344327e-09	3.873091e+01	8.516856e+02
2.980000e-06	6.197529e-10	7.309522e-09	3.816721e+01	8.485371e+02
2.990000e-06	6.104905e-10	7.287076e-09	3.759679e+01	8.452760e+02
3.000000e-06	6.011191e-10	7.268563e-09	3.701966e+01	8.418946e+02
3.010000e-06	5.916266e-10	7.246310e-09	3.643507e+01	8.383869e+02
3.020000e-06	5.820181e-10	7.205853e-09	3.584333e+01	8.347483e+02
3.030000e-06	5.723122e-10	7.167197e-09	3.524560e+01	8.309763e+02
3.040000e-06	5.625199e-10	7.131560e-09	3.464254e+01	8.270703e+02
3.050000e-06	5.526296e-10	7.102055e-09	3.403345e+01	8.230313e+02
3.060000e-06	5.426320e-10	7.065971e-09	3.341775e+01	8.188619e+02
3.070000e-06	5.325319e-10	7.029142e-09	3.279575e+01	8.145656e+02
3.080000e-06	5.223394e-10	6.997616e-09	3.216805e+01	8.101467e+02
3.090000e-06	5.120475e-10	6.964881e-09	3.153423e+01	8.056090e+02
3.100000e-06	5.016527e-10	6.924303e-09	3.089407e+01	8.009561e+02
3.110000e-06	4.911713e-10	6.876199e-09	3.024858e+01	7.961900e+02
3.120000e-06	4.806173e-10	6.831938e-09	2.959861e+01	7.913107e+02
3.130000e-06	4.699924e-10	6.793931e-09	2.894428e+01	7.863160e+02
3.140000e-06	4.592853e-10	6.755691e-09	2.828489e+01	7.812007e+02
3.150000e-06	4.484968e-10	6.709427e-09	2.762048e+01	7.759566e+02
3.160000e-06	4.376408e-10	6.658379e-09	2.695193e+01	7.705726e+02
3.170000e-06	4.267217e-10	6.609423e-09	2.627948e+01	7.650344e+02
3.180000e-06	4.157243e-10	6.562148e-09	2.560221e+01	7.593251e+02
3.190000e-06	4.046415e-10	6.510819e-09	2.491969e+01	7.534258e+02
3.200000e-06	3.934882e-10	6.457525e-09	2.423282e+01	7.473161e+02
3.210000e-06	3.822731e-10	6.405400e-09	2.354214e+01	7.409745e+02
3.220000e-06	3.709920e-10	6.352681e-09	2.284740e+01	7.343797e+02
3.230000e-06	3.596387e-10	6.293571e-09	2.214821e+01	7.275110e+02
3.240000e-06	3.482172e-10	6.226611e-09	2.144483e+01	7.203492e+02
3.250000e-06	3.367324e-10	6.158500e-09	2.073754e+01	7.128770e+02
3.260000e-06	3.251842e-10	6.092075e-09	2.002635e+01	7.050794e+02
3.270000e-06	3.135703e-10	6.025874e-09	1.931112e+01	6.969438e+02
3.280000e-06	3.018939e-10	5.956216e-09	1.859204e+01	6.884600e+02
3.290000e-06	2.901632e-10	5.881711e-09	1.786962e+01	6.796200e+02
3.300000e-06	2.783823e-10	5.805356e-09	1.714409e+01	6.704168e+02
3.310000e-06	2.665508e-10	5.725757e-09	1.641546e+01	6.608439e+02
3.320000e-06	2.546653e-10	5.641037e-09	1.568350e+01	6.508939e+02
3.330000e-06	2.427239e-10	5.550564e-09	1.494809e+01	6.405572e+02
3.340000e-06	2.307307e-10	5.457621e-09	1.420950e+01	6.298206e+02
3.350000e-06	2.186946e-10	5.367136e-09	1.346826e+01	6.186658e+02
3.360000e-06	2.066218e-10	5.275468e-09	1.272476e+01	6.070678e+02
3.370000e-06	1.945155e-10	5.175035e-09	1.197920e+01	5.949940e+02
3.380000e-06	1.823783e-10	5.063708e-09	1.123173e+01	5.824027e+02
3.390000e-06	1.702126e-10	4.946153e-09	1.048251e+01	5.692429e+02
3.400000e-06	1.580194e-10	4.825838e-09	9.731600e+00	5.554537e+02
3.410000e-06	1.457961e-10	4.701666e-09	8.978832e+00	5.409651e+02
3.420000e-06	1.335419e-10	4.570299e-09	8.224160e+00	5.256980e+02
3.430000e-06	1.212603e-10	4.431000e-09	7.467809e+00	5.095663e+02
3.440000e-06	1.089573e-10	4.285969e-09	6.710129e+00	4.924783e+02
3.450000e-06	9.663478e-11	4.134072e-09	5.951255e+00	4.743395e+02
3.460000e-06	8.429201e-11	3.970701e-09	5.191132e+00	4.550551e+02
3.470000e-06	7.193261e-11	3.793681e-09	4.429985e+00	4.345334e+02
3.480000e-06	5.956344e-11	3.605898e-09	3.668236e+00	4.126892e+02
3.490000e-06	4.718700e-11	3.410163e-09	2.906041e+00	3.894475e+02
3.500000e-06	3.480166e-11	3.204741e-09	2.143296e+00	3.647468e+02
3.510000e-06	2.241100e-11	2.985351e-09	1.380225e+00	3.385428e+02
3.520000e-06	1.002208e-11	2.750150e-09	6.172597e-01	3.108115e+02
3.530000e-06	-2.363436e-12	2.500911e-09	-1.454951e-01	2.815514e+02
3.540000e-06	-1.474693e-11	2.240077e-09	-9.081254e-01	2.507863e+02
3.550000e-06	-2.712518e-11	1.965045e-09	-1.670433e+00	2.185658e+02
3.560000e-06	-3.949292e-11	1.674335e-09	-2.432093e+00	1.849669e+02
3.570000e-06	-5.184828e-11	1.373070e-09	-3.192992e+00	1.500928e+02
3.580000e-06	-6.418977e-11	1.063784e-09	-3.953036e+00	1.140727e+02
3.590000e-06	-7.651639e-11	7.450186e-10	-4.712165e+00	7.705940e+01
3.600000e-06	-8.882539e-11	4.165165e-10	-5.470208e+00	3.922711e+01
3.610000e-06	-1.011115e-10	8.127668e-11	-6.226842e+00	7.677334e-01
3.620000e-06	-1.133732e-10	-2.559363e-10	-6.981971e+00	-3.811279e+01
3.630000e-06	-1.256123e-10	-5.930461e-10	-7.735710e+00	-7.719891e+01
3.640000e-06	-1.378278e-10	-9.298336e-10	-8.488002e+00	-1.162701e+02
3.650000e-06	-1.500170e-10	-1.264021e-09	-9.238665e+00	-1.551057e+02
3.660000e-06	-1.621795e-10	-1.592196e-09	-9.987689e+00	-1.934897e+02
3.670000e-06	-1.743177e-10	-1.912226e-09	-1.073522e+01	-2.312152e+02
3.680000e-06	-1.864330e-10	-2.225437e-09	-1.148133e+01	-2.680889e+02
3.690000e-06	-1.985225e-10	-2.533631e-09	-1.222586e+01	-3.039344e+02
3.700000e-06	-2.105826e-10	-2.834352e-09	-1.296858e+01	-3.385961e+02
3.710000e-06	-2.226085e-10	-3.123878e-09	-1.370919e+01	-3.719411e+02
3.720000e-06	-2.345959e-10	-3.399728e-09	-1.444743e+01	-4.038609e+02
3.730000e-06	-2.465400e-10	-3.661727e-09	-1.518300e+01	-4.342729e+02
3.740000e-06	-2.584359e-10	-3.911913e-09	-1.591560e+01	-4.631199e+02
3.750000e-06	-2.702813e-10	-4.148997e-09	-1.664510e+01	-4.903702e+02
3.760000e-06	-2.820764e-10	-4.370401e-09	-1.737149e+01	-5.160158e+02
3.770000e-06	-2.938219e-10	-4.578751e-09	-1.809483e+01	-5.400708e+02
3.780000e-06	-3.055163e-10	-4.777095e-09	-1.881502e+01	-5.625690e+02
3.790000e-06	-3.171550e-10	-4.963412e-09	-1.953178e+01	-5.835612e+02
3.800000e-06	-3.287317e-10	-5.135219e-09	-2.024472e+01	-6.031123e+02
3.810000e-06	-3.402401e-10	-5.293868e-09	-2.095346e+01	-6.212978e+02
3.820000e-06	-3.516742e-10	-5.441532e-09	-2.165762e+01	-6.382013e+02
3.830000e-06	-3.630307e-10	-5.581591e-09	-2.235701e+01	-6.539111e+02
3.840000e-06	-3.743121e-10	-5.712162e-09	-2.305176e+01	-6.685172e+02
3.850000e-06	-3.855210e-10	-5.831114e-09	-2.374206e+01	-6.821095e+02
3.860000e-06	-3.966566e-10	-5.938342e-09	-2.442783e+01	-6.947750e+02
3.870000e-06	-4.077156e-10	-6.038140e-09	-2.510889e+01	-7.065966e+02
3.880000e-06	-4.186941e-10	-6.133195e-09	-2.578500e+01	-7.176513e+02
3.890000e-06	-4.295938e-10	-6.220908e-09	-2.645626e+01	-7.280098e+02
3.900000e-06	-4.404205e-10	-6.303914e-09	-2.712302e+01	-7.377356e+02
3.910000e-06	-4.511756e-10	-6.383495e-09	-2.778537e+01	-7.468854e+02
3.920000e-06	-4.618553e-10	-6.460554e-09	-2.844307e+01	-7.555088e+02
3.930000e-06	-4.724559e-10	-6.533103e-09	-2.909590e+01	-7.636490e+02
3.940000e-06	-4.829778e-10	-6.599905e-09	-2.974389e+01	-7.713437e+02
3.950000e-06	-4.934178e-10	-6.662351e-09	-3.038684e+01	-7.786252e+02
3.960000e-06	-5.037660e-10	-6.722325e-09	-3.102412e+01	-7.855221e+02
3.970000e-06	-5.140129e-10	-6.779429e-09	-3.165518e+01	-7.920595e+02
3.980000e-06	-5.241586e-10	-6.833965e-09	-3.227999e+01	-7.982599e+02
3.990000e-06	-5.342071e-10	-6.886765e-09	-3.289882e+01	-8.041440e+02
4.000000e-06	-5.441587e-10	-6.938275e-09	-3.351168e+01	-8.097313e+02
4.010000e-06	-5.540145e-10	-6.989570e-09	-3.411865e+01	-8.150403e+02
4.020000e-06	-5.637789e-10	-7.037385e-09	-3.471999e+01	-8.200892e+02
4.030000e-06	-5.734565e-10	-7.079855e-09	-3.531598e+01	-8.248954e+02
4.040000e-06	-5.830471e-10	-7.120623e-09	-3.590661e+01	-8.294760e+02
4.050000e-06	-5.925426e-10	-7.161253e-09	-3.649139e+01	-8.338476e+02
4.060000e-06	-6.019354e-10	-7.200332e-09	-3.706984e+01	-8.380262e+02
4.070000e-06	-6.112216e-10	-7.237584e-09	-3.764173e+01	-8.420268e+02
4.080000e-06	-6.203971e-10	-7.273514e-09	-3.820679e+01	-8.458632e+02
4.090000e-06	-6.294601e-10	-7.310149e-09	-3.876494e+01	-8.495481e+02
4.100000e-06	-6.384147e-10	-7.346011e-09	-3.931640e+01	-8.530927e+02
4.110000e-06	-6.472659e-10	-7.377503e-09	-3.986150e+01	-8.565065e+02
4.120000e-06	-6.560098e-10	-7.405755e-09	-4.039999e+01	-8.597976e+02
4.130000e-06	-6.646371e-10	-7.432734e-09	-4.093130e+01	-8.629722e+02
4.140000e-06	-6.731434e-10	-7.460915e-09	-4.145515e+01	-8.660355e+02
4.150000e-06	-6.815270e-10	-7.488039e-09	-4.197146e+01	-8.689912e+02
4.160000e-06	-6.897935e-10	-7.513415e-09	-4.248055e+01	-8.718419e+02
4.170000e-06	-6.979518e-10	-7.537098e-09	-4.298297e+01	-8.745896e+02
4.180000e-06	-7.060005e-10	-7.560371e-09	-4.347865e+01	-8.772357e+02
4.190000e-06	-7.139283e-10	-7.583665e-09	-4.396688e+01	-8.797815e+02
4.200000e-06	-7.217230e-10	-7.604459e-09	-4.444691e+01	-8.822284e+02
4.210000e-06	-7.293755e-10	-7.624511e-09	-4.491819e+01	-8.845780e+02
4.220000e-06	-7.368806e-10	-7.644597e-09	-4.538039e+01	-8.868325e+02
4.230000e-06	-7.442418e-10	-7.665639e-09	-4.583372e+01	-8.889944e+02
4.240000e-06	-7.514685e-10	-7.683908e-09	-4.627877e+01	-8.910671e+02
4.250000e-06	-7.585604e-10	-7.698743e-09	-4.671553e+01	-8.930544e+02
4.260000e-06	-7.655089e-10	-7.712602e-09	-4.714344e+01	-8.949608e+02
4.270000e-06	-7.723110e-10	-7.726626e-09	-4.756235e+01	-8.967908e+02
4.280000e-06	-7.789748e-10	-7.741394e-09	-4.797273e+01	-8.985495e+02
4.290000e-06	-7.855081e-10	-7.754203e-09	-4.837509e+01	-9.002418e+02
4.300000e-06	-7.919128e-10	-7.769669e-09	-4.876952e+01	-9.018723e+02
4.310000e-06	-7.981797e-10	-7.786599e-09	-4.915546e+01	-9.034456e+02
4.320000e-06	-8.042926e-10	-7.801914e-09	-4.953192e+01	-9.049653e+02
4.330000e-06	-8.102545e-10	-7.814107e-09	-4.989909e+01	-9.064347e+02
4.340000e-06	-8.160821e-10	-7.822569e-09	-5.025798e+01	-9.078562e+02
4.350000e-06	-8.217783e-10	-7.829901e-09	-5.060878e+01	-9.092316e+02
4.360000e-06	-8.273331e-10	-7.837367e-09	-5.095087e+01	-9.105619e+02
4.370000e-06	-8.327266e-10	-7.846285e-09	-5.128302e+01	-9.118474e+02
4.380000e-06	-8.379450e-10	-7.856258e-09	-5.160439e+01	-9.130881e+02
4.390000e-06	-8.429982e-10	-7.868004e-09	-5.191559e+01	-9.142835e+02
4.400000e-06	-8.478888e-10	-7.879031e-09	-5.221678e+01	-9.154330e+02
4.410000e-06	-8.526077e-10	-7.887549e-09	-5.250739e+01	-9.165360e+02
4.420000e-06	-8.571692e-10	-7.892894e-09	-5.278831e+01	-9.175919e+02
4.430000e-06	-8.615972e-10	-7.897206e-09	-5.306100e+01	-9.186007e+02
4.440000e-06	-8.659004e-10	-7.903213e-09	-5.332601e+01	-9.195626e+02
4.450000e-06	-8.700748e-10	-7.911013e-09	-5.358310e+01	-9.204783e+02
4.460000e-06	-8.741143e-10	-7.919767e-09	-5.383187e+01	-9.213490e+02
4.470000e-06	-8.780124e-10	-7.928114e-09	-5.407193e+01	-9.221765e+02
4.480000e-06	-8.817472e-10	-7.934148e-09	-5.430194e+01	-9.229628e+02
4.490000e-06	-8.853156e-10	-7.937499e-09	-5.452169e+01	-9.237104e+02
4.500000e-06	-8.887362e-10	-7.939930e-09	-5.473235e+01	-9.244216e+02
4.510000e-06	-8.920124e-10	-7.943112e-09	-5.493412e+01	-9.250990e+02
4.520000e-06	-8.951357e-10	-7.947233e-09	-5.512646e+01	-9.257450e+02
4.530000e-06	-8.980869e-10	-7.953216e-09	-5.530821e+01	-9.263613e+02
4.540000e-06	-9.008697e-10	-7.958940e-09	-5.547959e+01	-9.269496e+02
4.550000e-06	-9.035026e-10	-7.962851e-09	-5.564174e+01	-9.275108e+02
4.560000e-06	-9.059852e-10	-7.964593e-09	-5.579463e+01	-9.280449e+02
4.570000e-06	-9.083135e-10	-7.964020e-09	-5.593802e+01	-9.285518e+02
4.580000e-06	-9.104691e-10	-7.963146e-09	-5.607076e+01	-9.290304e+02
4.590000e-06	-9.124532e-10	-7.962811e-09	-5.619296e+01	-9.294790e+02
4.600000e-06	-9.142877e-10	-7.964657e-09	-5.630594e+01	-9.298958e+02
4.610000e-06	-9.159736e-10	-7.968755e-09	-5.640976e+01	-9.302785e+02
4.620000e-06	-9.175017e-10	-7.972710e-09	-5.650387e+01	-9.306248e+02
4.630000e-06	-9.188433e-10	-7.974545e-09	-5.658649e+01	-9.309324e+02
4.640000e-06	-9.199926e-10	-7.973481e-09	-5.665727e+01	-9.311992e+02
4.650000e-06	-9.209738e-10	-7.971552e-09	-5.671770e+01	-9.314237e+02
4.660000e-06	-9.218017e-10	-7.970286e-09	-5.676868e+01	-9.316049e+02
4.670000e-06	-9.224711e-10	-7.969693e-09	-5.680991e+01	-9.317421e+02
4.680000e-06	-9.229610e-10	-7.969160e-09	-5.684008e+01	-9.318357e+02
4.690000e-06	-9.232853e-10	-7.968311e-09	-5.686005e+01	-9.318864e+02
4.700000e-06	-9.234641e-10	-7.968468e-09	-5.687106e+01	-9.318954e+02
4.710000e-06	-9.234934e-10	-7.967324e-09	-5.687287e+01	-9.318646e+02
