# Temperatura_=_5.318834586466165
# Concentracion g/m^3_=_19900.0
# C_Vs_to_Am_M_A/Vsm_=_116720831517.84952
# pendiente_HvsI_1/m_=_3716.3
# ordenada_HvsI_A/m_=_1297.0
# frecuencia_Hz_=_212182.78262327504
# Promedio de 266 ciclos

Tiempo_(s)	Campo_(V.s)	Magnetizacion_(V.s)	Campo_(kA/m)	Magnetizacion_(A/m)
0.000000e+00	-9.274300e-10	-8.538118e-09	-5.688563e+01	-9.998242e+02
1.000000e-08	-9.273143e-10	-8.535091e-09	-5.687850e+01	-9.998192e+02
2.000000e-08	-9.270273e-10	-8.536781e-09	-5.686087e+01	-9.997792e+02
3.000000e-08	-9.265813e-10	-8.539839e-09	-5.683349e+01	-9.997029e+02
4.000000e-08	-9.260025e-10	-8.539079e-09	-5.679795e+01	-9.995886e+02
5.000000e-08	-9.252922e-10	-8.537870e-09	-5.675436e+01	-9.994343e+02
6.000000e-08	-9.244341e-10	-8.534996e-09	-5.670170e+01	-9.992379e+02
7.000000e-08	-9.234040e-10	-8.529829e-09	-5.663849e+01	-9.989971e+02
8.000000e-08	-9.221907e-10	-8.522584e-09	-5.656403e+01	-9.987095e+02
9.000000e-08	-9.207874e-10	-8.512182e-09	-5.647792e+01	-9.983724e+02
1.000000e-07	-9.191565e-10	-8.541167e-09	-5.637784e+01	-9.979835e+02
1.100000e-07	-9.172897e-10	-8.591049e-09	-5.626331e+01	-9.975405e+02
1.200000e-07	-9.152656e-10	-8.574482e-09	-5.613914e+01	-9.970412e+02
1.300000e-07	-9.131490e-10	-8.550489e-09	-5.600930e+01	-9.964840e+02
1.400000e-07	-9.109540e-10	-8.526885e-09	-5.587465e+01	-9.958678e+02
1.500000e-07	-9.086523e-10	-8.430997e-09	-5.573344e+01	-9.951920e+02
1.600000e-07	-9.061536e-10	-8.457543e-09	-5.558014e+01	-9.944567e+02
1.700000e-07	-9.034456e-10	-8.523945e-09	-5.541402e+01	-9.936629e+02
1.800000e-07	-9.005929e-10	-8.451518e-09	-5.523901e+01	-9.928121e+02
1.900000e-07	-8.975805e-10	-8.503399e-09	-5.505422e+01	-9.919069e+02
2.000000e-07	-8.944345e-10	-8.513383e-09	-5.486124e+01	-9.909503e+02
2.100000e-07	-8.911855e-10	-8.401355e-09	-5.466193e+01	-9.899461e+02
2.200000e-07	-8.877869e-10	-8.431360e-09	-5.445344e+01	-9.888985e+02
2.300000e-07	-8.842339e-10	-8.403570e-09	-5.423549e+01	-9.878119e+02
2.400000e-07	-8.804991e-10	-8.366093e-09	-5.400637e+01	-9.866910e+02
2.500000e-07	-8.765693e-10	-8.428659e-09	-5.376530e+01	-9.855401e+02
2.600000e-07	-8.724916e-10	-8.415209e-09	-5.351516e+01	-9.843635e+02
2.700000e-07	-8.682681e-10	-8.411601e-09	-5.325607e+01	-9.831645e+02
2.800000e-07	-8.638875e-10	-8.404331e-09	-5.298735e+01	-9.819462e+02
2.900000e-07	-8.593476e-10	-8.359577e-09	-5.270886e+01	-9.807103e+02
3.000000e-07	-8.546482e-10	-8.335813e-09	-5.242059e+01	-9.794576e+02
3.100000e-07	-8.497878e-10	-8.325812e-09	-5.212243e+01	-9.781879e+02
3.200000e-07	-8.447293e-10	-8.345740e-09	-5.181212e+01	-9.768997e+02
3.300000e-07	-8.394669e-10	-8.349489e-09	-5.148931e+01	-9.755905e+02
3.400000e-07	-8.340363e-10	-8.356430e-09	-5.115619e+01	-9.742568e+02
3.500000e-07	-8.284780e-10	-8.331783e-09	-5.081524e+01	-9.728942e+02
3.600000e-07	-8.227987e-10	-8.278662e-09	-5.046687e+01	-9.714978e+02
3.700000e-07	-8.169546e-10	-8.271998e-09	-5.010838e+01	-9.700621e+02
3.800000e-07	-8.109356e-10	-8.249093e-09	-4.973917e+01	-9.685816e+02
3.900000e-07	-8.047653e-10	-8.242709e-09	-4.936067e+01	-9.670508e+02
4.000000e-07	-7.984652e-10	-8.259702e-09	-4.897423e+01	-9.654646e+02
4.100000e-07	-7.920407e-10	-8.253719e-09	-4.858015e+01	-9.638186e+02
4.200000e-07	-7.854751e-10	-8.239183e-09	-4.817740e+01	-9.621091e+02
4.300000e-07	-7.787627e-10	-8.204843e-09	-4.776566e+01	-9.603332e+02
4.400000e-07	-7.719165e-10	-8.172278e-09	-4.734572e+01	-9.584892e+02
4.500000e-07	-7.649471e-10	-8.148025e-09	-4.691821e+01	-9.565763e+02
4.600000e-07	-7.578465e-10	-8.144860e-09	-4.648266e+01	-9.545945e+02
4.700000e-07	-7.506064e-10	-8.145606e-09	-4.603855e+01	-9.525449e+02
4.800000e-07	-7.432252e-10	-8.133969e-09	-4.558579e+01	-9.504289e+02
4.900000e-07	-7.357033e-10	-8.120777e-09	-4.512439e+01	-9.482485e+02
5.000000e-07	-7.280403e-10	-8.092163e-09	-4.465434e+01	-9.460057e+02
5.100000e-07	-7.202326e-10	-8.063588e-09	-4.417542e+01	-9.437023e+02
5.200000e-07	-7.122830e-10	-8.035075e-09	-4.368779e+01	-9.413397e+02
5.300000e-07	-7.042021e-10	-8.014059e-09	-4.319211e+01	-9.389185e+02
5.400000e-07	-6.959980e-10	-8.001966e-09	-4.268888e+01	-9.364384e+02
5.500000e-07	-6.876747e-10	-7.987972e-09	-4.217834e+01	-9.338979e+02
5.600000e-07	-6.792403e-10	-7.965508e-09	-4.166098e+01	-9.312944e+02
5.700000e-07	-6.707037e-10	-7.932340e-09	-4.113736e+01	-9.286239e+02
5.800000e-07	-6.620701e-10	-7.902084e-09	-4.060778e+01	-9.258813e+02
5.900000e-07	-6.533352e-10	-7.875784e-09	-4.007199e+01	-9.230605e+02
6.000000e-07	-6.444853e-10	-7.856638e-09	-3.952914e+01	-9.201543e+02
6.100000e-07	-6.355079e-10	-7.837481e-09	-3.897847e+01	-9.171552e+02
6.200000e-07	-6.264097e-10	-7.813662e-09	-3.842040e+01	-9.140550e+02
6.300000e-07	-6.172024e-10	-7.784664e-09	-3.785563e+01	-9.108459e+02
6.400000e-07	-6.078842e-10	-7.748902e-09	-3.728406e+01	-9.075203e+02
6.500000e-07	-5.984568e-10	-7.709445e-09	-3.670580e+01	-9.040711e+02
6.600000e-07	-5.889233e-10	-7.672123e-09	-3.612103e+01	-9.004922e+02
6.700000e-07	-5.792841e-10	-7.644974e-09	-3.552977e+01	-8.967787e+02
6.800000e-07	-5.695356e-10	-7.623693e-09	-3.493180e+01	-8.929268e+02
6.900000e-07	-5.596723e-10	-7.600463e-09	-3.432680e+01	-8.889337e+02
7.000000e-07	-5.497000e-10	-7.568042e-09	-3.371511e+01	-8.847981e+02
7.100000e-07	-5.396258e-10	-7.525464e-09	-3.309717e+01	-8.805194e+02
7.200000e-07	-5.294578e-10	-7.478418e-09	-3.247349e+01	-8.760979e+02
7.300000e-07	-5.192014e-10	-7.431582e-09	-3.184438e+01	-8.715341e+02
7.400000e-07	-5.088560e-10	-7.388639e-09	-3.120981e+01	-8.668285e+02
7.500000e-07	-4.984179e-10	-7.351818e-09	-3.056955e+01	-8.619812e+02
7.600000e-07	-4.878857e-10	-7.319645e-09	-2.992353e+01	-8.569915e+02
7.700000e-07	-4.772670e-10	-7.286193e-09	-2.927219e+01	-8.518572e+02
7.800000e-07	-4.665650e-10	-7.244184e-09	-2.861575e+01	-8.465747e+02
7.900000e-07	-4.557802e-10	-7.192202e-09	-2.795423e+01	-8.411384e+02
8.000000e-07	-4.449117e-10	-7.134907e-09	-2.728758e+01	-8.355406e+02
8.100000e-07	-4.339645e-10	-7.077041e-09	-2.661610e+01	-8.297715e+02
8.200000e-07	-4.229486e-10	-7.022745e-09	-2.594041e+01	-8.238190e+02
8.300000e-07	-4.118697e-10	-6.971240e-09	-2.526085e+01	-8.176695e+02
8.400000e-07	-4.007287e-10	-6.920236e-09	-2.457748e+01	-8.113073e+02
8.500000e-07	-3.895207e-10	-6.867493e-09	-2.389000e+01	-8.047156e+02
8.600000e-07	-3.782401e-10	-6.810466e-09	-2.319807e+01	-7.978768e+02
8.700000e-07	-3.668859e-10	-6.747991e-09	-2.250162e+01	-7.907730e+02
8.800000e-07	-3.554632e-10	-6.680919e-09	-2.180098e+01	-7.833861e+02
8.900000e-07	-3.439780e-10	-6.612632e-09	-2.109650e+01	-7.756988e+02
9.000000e-07	-3.324311e-10	-6.544144e-09	-2.038824e+01	-7.676946e+02
9.100000e-07	-3.208183e-10	-6.473238e-09	-1.967594e+01	-7.593579e+02
9.200000e-07	-3.091393e-10	-6.397914e-09	-1.895957e+01	-7.506745e+02
9.300000e-07	-2.974005e-10	-6.319598e-09	-1.823954e+01	-7.416310e+02
9.400000e-07	-2.856107e-10	-6.240665e-09	-1.751638e+01	-7.322148e+02
9.500000e-07	-2.737749e-10	-6.159572e-09	-1.679041e+01	-7.224135e+02
9.600000e-07	-2.618939e-10	-6.074209e-09	-1.606166e+01	-7.122142e+02
9.700000e-07	-2.499670e-10	-5.983464e-09	-1.533009e+01	-7.016026e+02
9.800000e-07	-2.379941e-10	-5.887676e-09	-1.459570e+01	-6.905620e+02
9.900000e-07	-2.259748e-10	-5.788855e-09	-1.385846e+01	-6.790726e+02
1.000000e-06	-2.139089e-10	-5.684897e-09	-1.311837e+01	-6.671097e+02
1.010000e-06	-2.017984e-10	-5.571769e-09	-1.237554e+01	-6.546432e+02
1.020000e-06	-1.896480e-10	-5.454623e-09	-1.163027e+01	-6.416367e+02
1.030000e-06	-1.774634e-10	-5.339382e-09	-1.088289e+01	-6.280464e+02
1.040000e-06	-1.652453e-10	-5.221457e-09	-1.013347e+01	-6.138208e+02
1.050000e-06	-1.529937e-10	-5.093412e-09	-9.381987e+00	-5.989008e+02
1.060000e-06	-1.407110e-10	-4.954022e-09	-8.628599e+00	-5.832194e+02
1.070000e-06	-1.284025e-10	-4.807434e-09	-7.873632e+00	-5.667028e+02
1.080000e-06	-1.160720e-10	-4.653638e-09	-7.117318e+00	-5.492713e+02
1.090000e-06	-1.037192e-10	-4.490908e-09	-6.359630e+00	-5.308408e+02
1.100000e-06	-9.134558e-11	-4.320502e-09	-5.600670e+00	-5.113245e+02
1.110000e-06	-7.895534e-11	-4.143815e-09	-4.840691e+00	-4.906359e+02
1.120000e-06	-6.655043e-11	-3.959940e-09	-4.079810e+00	-4.686906e+02
1.130000e-06	-5.413188e-11	-3.766227e-09	-3.318094e+00	-4.454099e+02
1.140000e-06	-4.170301e-11	-3.557777e-09	-2.555747e+00	-4.207232e+02
1.150000e-06	-2.926919e-11	-3.332055e-09	-1.793094e+00	-3.945718e+02
1.160000e-06	-1.683426e-11	-3.092259e-09	-1.030373e+00	-3.669112e+02
1.170000e-06	-4.398606e-12	-2.840924e-09	-2.676102e-01	-3.377143e+02
1.180000e-06	8.037671e-12	-2.577913e-09	4.951919e-01	-3.069742e+02
1.190000e-06	2.047036e-11	-2.301653e-09	1.257773e+00	-2.747056e+02
1.200000e-06	3.289378e-11	-2.012327e-09	2.019785e+00	-2.409469e+02
1.210000e-06	4.530570e-11	-1.709403e-09	2.781092e+00	-2.057612e+02
1.220000e-06	5.770585e-11	-1.391796e-09	3.541676e+00	-1.692362e+02
1.230000e-06	7.009381e-11	-1.062034e-09	4.301508e+00	-1.314844e+02
1.240000e-06	8.246611e-11	-7.243277e-10	5.060379e+00	-9.264166e+01
1.250000e-06	9.481884e-11	-3.817695e-10	5.818050e+00	-5.286538e+01
1.260000e-06	1.071510e-10	-3.672016e-11	6.574462e+00	-1.233225e+01
1.270000e-06	1.194621e-10	3.118762e-10	7.329578e+00	2.876488e+01
1.280000e-06	1.317505e-10	6.670451e-10	8.083307e+00	7.022055e+01
1.290000e-06	1.440145e-10	1.025384e-09	8.835540e+00	1.118206e+02
1.300000e-06	1.562535e-10	1.381056e-09	9.586235e+00	1.533465e+02
1.310000e-06	1.684668e-10	1.731001e-09	1.033535e+01	1.945795e+02
1.320000e-06	1.806519e-10	2.074648e-09	1.108275e+01	2.353052e+02
1.330000e-06	1.928058e-10	2.412116e-09	1.182823e+01	2.753174e+02
1.340000e-06	2.049258e-10	2.741112e-09	1.257163e+01	3.144227e+02
1.350000e-06	2.170098e-10	3.060369e-09	1.331282e+01	3.524434e+02
1.360000e-06	2.290561e-10	3.373137e-09	1.405170e+01	3.892209e+02
1.370000e-06	2.410626e-10	3.679223e-09	1.478813e+01	4.246181e+02
1.380000e-06	2.530261e-10	3.973575e-09	1.552193e+01	4.585212e+02
1.390000e-06	2.649458e-10	4.250810e-09	1.625304e+01	4.908409e+02
1.400000e-06	2.768229e-10	4.508611e-09	1.698154e+01	5.215131e+02
1.410000e-06	2.886574e-10	4.749530e-09	1.770742e+01	5.504981e+02
1.420000e-06	3.004460e-10	4.976765e-09	1.843048e+01	5.777805e+02
1.430000e-06	3.121809e-10	5.191245e-09	1.915025e+01	6.033671e+02
1.440000e-06	3.238540e-10	5.393331e-09	1.986622e+01	6.272856e+02
1.450000e-06	3.354613e-10	5.584632e-09	2.057817e+01	6.495816e+02
1.460000e-06	3.470025e-10	5.763487e-09	2.128606e+01	6.703166e+02
1.470000e-06	3.584765e-10	5.928455e-09	2.198983e+01	6.895649e+02
1.480000e-06	3.698819e-10	6.079444e-09	2.268938e+01	7.074104e+02
1.490000e-06	3.812151e-10	6.217285e-09	2.338451e+01	7.239442e+02
1.500000e-06	3.924727e-10	6.345214e-09	2.407501e+01	7.392613e+02
1.510000e-06	4.036546e-10	6.464141e-09	2.476086e+01	7.534584e+02
1.520000e-06	4.147637e-10	6.574138e-09	2.544224e+01	7.666312e+02
1.530000e-06	4.258056e-10	6.675617e-09	2.611951e+01	7.788726e+02
1.540000e-06	4.367826e-10	6.770148e-09	2.679279e+01	7.902707e+02
1.550000e-06	4.476886e-10	6.859879e-09	2.746172e+01	8.009081e+02
1.560000e-06	4.585123e-10	6.944538e-09	2.812560e+01	8.108603e+02
1.570000e-06	4.692473e-10	7.024064e-09	2.878403e+01	8.201955e+02
1.580000e-06	4.798950e-10	7.099668e-09	2.943711e+01	8.289744e+02
1.590000e-06	4.904543e-10	7.172212e-09	3.008477e+01	8.372500e+02
1.600000e-06	5.009174e-10	7.240444e-09	3.072653e+01	8.450684e+02
1.610000e-06	5.112818e-10	7.302499e-09	3.136224e+01	8.524687e+02
1.620000e-06	5.215545e-10	7.359510e-09	3.199231e+01	8.594844e+02
1.630000e-06	5.317416e-10	7.414292e-09	3.261714e+01	8.661437e+02
1.640000e-06	5.418387e-10	7.467623e-09	3.323645e+01	8.724704e+02
1.650000e-06	5.518357e-10	7.517880e-09	3.384961e+01	8.784848e+02
1.660000e-06	5.617280e-10	7.564577e-09	3.445635e+01	8.842046e+02
1.670000e-06	5.715161e-10	7.609139e-09	3.505671e+01	8.896453e+02
1.680000e-06	5.811973e-10	7.651971e-09	3.565052e+01	8.948210e+02
1.690000e-06	5.907713e-10	7.692423e-09	3.623774e+01	8.997449e+02
1.700000e-06	6.002455e-10	7.729914e-09	3.681883e+01	9.044296e+02
1.710000e-06	6.096273e-10	7.764866e-09	3.739427e+01	9.088874e+02
1.720000e-06	6.189158e-10	7.798554e-09	3.796398e+01	9.131304e+02
1.730000e-06	6.281005e-10	7.830306e-09	3.852732e+01	9.171706e+02
1.740000e-06	6.371739e-10	7.860174e-09	3.908384e+01	9.210200e+02
1.750000e-06	6.461320e-10	7.889253e-09	3.963328e+01	9.246900e+02
1.760000e-06	6.549710e-10	7.917447e-09	4.017542e+01	9.281923e+02
1.770000e-06	6.636957e-10	7.945060e-09	4.071055e+01	9.315375e+02
1.780000e-06	6.723142e-10	7.972751e-09	4.123916e+01	9.347362e+02
1.790000e-06	6.808295e-10	7.999624e-09	4.176144e+01	9.377980e+02
1.800000e-06	6.892355e-10	8.024320e-09	4.227702e+01	9.407318e+02
1.810000e-06	6.975236e-10	8.046400e-09	4.278536e+01	9.435458e+02
1.820000e-06	7.056859e-10	8.066047e-09	4.328599e+01	9.462470e+02
1.830000e-06	7.137185e-10	8.085228e-09	4.377866e+01	9.488422e+02
1.840000e-06	7.216241e-10	8.106059e-09	4.426354e+01	9.513368e+02
1.850000e-06	7.294045e-10	8.128065e-09	4.474075e+01	9.537359e+02
1.860000e-06	7.370536e-10	8.149833e-09	4.520989e+01	9.560440e+02
1.870000e-06	7.445597e-10	8.170933e-09	4.567026e+01	9.582650e+02
1.880000e-06	7.519162e-10	8.190863e-09	4.612146e+01	9.604025e+02
1.890000e-06	7.591279e-10	8.208279e-09	4.656378e+01	9.624598e+02
1.900000e-06	7.662043e-10	8.223276e-09	4.699781e+01	9.644399e+02
1.910000e-06	7.731517e-10	8.237492e-09	4.742392e+01	9.663460e+02
1.920000e-06	7.799678e-10	8.253200e-09	4.784197e+01	9.681808e+02
1.930000e-06	7.866407e-10	8.270946e-09	4.825124e+01	9.699474e+02
1.940000e-06	7.931630e-10	8.288855e-09	4.865127e+01	9.716485e+02
1.950000e-06	7.995429e-10	8.305515e-09	4.904257e+01	9.732869e+02
1.960000e-06	8.057910e-10	8.320765e-09	4.942579e+01	9.748654e+02
1.970000e-06	8.119121e-10	8.334651e-09	4.980121e+01	9.763864e+02
1.980000e-06	8.179007e-10	8.346734e-09	5.016851e+01	9.778524e+02
1.990000e-06	8.237391e-10	8.358209e-09	5.052659e+01	9.792655e+02
2.000000e-06	8.294204e-10	8.371267e-09	5.087503e+01	9.806277e+02
2.010000e-06	8.349529e-10	8.385799e-09	5.121436e+01	9.819407e+02
2.020000e-06	8.403357e-10	8.399500e-09	5.154450e+01	9.832058e+02
2.030000e-06	8.455540e-10	8.411829e-09	5.186454e+01	9.844240e+02
2.040000e-06	8.505946e-10	8.422964e-09	5.217369e+01	9.855964e+02
2.050000e-06	8.554661e-10	8.433262e-09	5.247246e+01	9.867234e+02
2.060000e-06	8.601891e-10	8.442705e-09	5.276213e+01	9.878056e+02
2.070000e-06	8.647742e-10	8.451914e-09	5.304334e+01	9.888432e+02
2.080000e-06	8.692226e-10	8.461965e-09	5.331617e+01	9.898366e+02
2.090000e-06	8.735183e-10	8.473032e-09	5.357962e+01	9.907861e+02
2.100000e-06	8.776492e-10	8.484784e-09	5.383297e+01	9.916919e+02
2.110000e-06	8.816292e-10	8.494995e-09	5.407707e+01	9.925544e+02
2.120000e-06	8.854667e-10	8.503363e-09	5.431242e+01	9.933742e+02
2.130000e-06	8.891628e-10	8.510456e-09	5.453911e+01	9.941520e+02
2.140000e-06	8.927092e-10	8.516289e-09	5.475660e+01	9.948885e+02
2.150000e-06	8.960876e-10	8.521847e-09	5.496379e+01	9.955848e+02
2.160000e-06	8.993067e-10	8.528419e-09	5.516122e+01	9.962418e+02
2.170000e-06	9.023805e-10	8.536574e-09	5.534973e+01	9.968609e+02
2.180000e-06	9.053103e-10	8.546089e-09	5.552941e+01	9.974430e+02
2.190000e-06	9.080883e-10	8.554084e-09	5.569977e+01	9.979896e+02
2.200000e-06	9.106901e-10	8.559167e-09	5.585933e+01	9.985016e+02
2.210000e-06	9.131178e-10	8.562780e-09	5.600821e+01	9.989803e+02
2.220000e-06	9.153907e-10	8.566722e-09	5.614760e+01	9.994267e+02
2.230000e-06	9.175156e-10	8.572455e-09	5.627791e+01	9.998414e+02
2.240000e-06	9.194909e-10	8.578720e-09	5.639904e+01	1.000225e+03
2.250000e-06	9.212996e-10	8.585316e-09	5.650995e+01	1.000579e+03
2.260000e-06	9.229359e-10	8.591712e-09	5.661028e+01	1.000903e+03
2.270000e-06	9.244052e-10	8.596820e-09	5.670037e+01	1.001197e+03
2.280000e-06	9.257044e-10	8.599959e-09	5.678003e+01	1.001462e+03
2.290000e-06	9.268190e-10	8.602295e-09	5.684836e+01	1.001697e+03
2.300000e-06	9.277461e-10	8.606415e-09	5.690519e+01	1.001902e+03
2.310000e-06	9.285074e-10	8.612039e-09	5.695186e+01	1.002078e+03
2.320000e-06	9.291150e-10	8.618256e-09	5.698910e+01	1.002223e+03
2.330000e-06	9.295702e-10	8.624382e-09	5.701699e+01	1.002338e+03
2.340000e-06	9.298580e-10	8.628800e-09	5.703462e+01	1.002421e+03
2.350000e-06	9.299701e-10	8.630778e-09	5.704146e+01	1.002472e+03
2.360000e-06	9.299248e-10	8.630936e-09	5.703865e+01	1.002490e+03
2.370000e-06	9.297338e-10	8.631374e-09	5.702691e+01	1.002474e+03
2.380000e-06	9.294050e-10	8.629497e-09	5.700672e+01	1.002423e+03
2.390000e-06	9.289251e-10	8.629334e-09	5.697726e+01	1.002335e+03
2.400000e-06	9.282770e-10	8.631927e-09	5.693747e+01	1.002209e+03
2.410000e-06	9.274810e-10	8.632061e-09	5.688863e+01	1.002041e+03
2.420000e-06	9.265427e-10	8.631304e-09	5.683105e+01	1.001831e+03
2.430000e-06	9.254511e-10	8.631309e-09	5.676406e+01	1.001576e+03
2.440000e-06	9.242040e-10	8.639314e-09	5.668754e+01	1.001273e+03
2.450000e-06	9.227800e-10	8.595659e-09	5.660016e+01	1.000920e+03
2.460000e-06	9.211325e-10	8.526794e-09	5.649906e+01	1.000515e+03
2.470000e-06	9.192381e-10	8.542213e-09	5.638282e+01	1.000054e+03
2.480000e-06	9.171245e-10	8.555541e-09	5.625315e+01	9.995368e+02
2.490000e-06	9.148678e-10	8.621318e-09	5.611473e+01	9.989611e+02
2.500000e-06	9.125732e-10	8.697605e-09	5.597397e+01	9.983261e+02
2.510000e-06	9.101906e-10	8.588998e-09	5.582780e+01	9.976315e+02
2.520000e-06	9.076216e-10	8.579564e-09	5.567021e+01	9.968777e+02
2.530000e-06	9.049472e-10	8.591426e-09	5.550615e+01	9.960657e+02
2.540000e-06	9.021291e-10	8.462730e-09	5.533325e+01	9.951975e+02
2.550000e-06	8.990791e-10	8.511055e-09	5.514615e+01	9.942757e+02
2.560000e-06	8.958712e-10	8.512686e-09	5.494936e+01	9.933037e+02
2.570000e-06	8.924743e-10	8.433776e-09	5.474097e+01	9.922854e+02
2.580000e-06	8.889254e-10	8.509250e-09	5.452328e+01	9.912250e+02
2.590000e-06	8.853051e-10	8.451855e-09	5.430120e+01	9.901271e+02
2.600000e-06	8.815145e-10	8.420220e-09	5.406866e+01	9.889963e+02
2.610000e-06	8.775510e-10	8.464345e-09	5.382553e+01	9.878370e+02
2.620000e-06	8.734220e-10	8.385603e-09	5.357224e+01	9.866530e+02
2.630000e-06	8.691144e-10	8.426102e-09	5.330799e+01	9.854477e+02
2.640000e-06	8.646817e-10	8.408861e-09	5.303608e+01	9.842237e+02
2.650000e-06	8.600727e-10	8.372740e-09	5.275335e+01	9.829825e+02
2.660000e-06	8.553089e-10	8.412359e-09	5.246114e+01	9.817246e+02
2.670000e-06	8.504190e-10	8.344852e-09	5.216118e+01	9.804492e+02
2.680000e-06	8.453596e-10	8.354359e-09	5.185082e+01	9.791548e+02
2.690000e-06	8.401487e-10	8.328336e-09	5.153117e+01	9.778383e+02
2.700000e-06	8.347254e-10	8.328856e-09	5.119849e+01	9.764959e+02
2.710000e-06	8.291104e-10	8.370692e-09	5.085406e+01	9.751232e+02
2.720000e-06	8.233663e-10	8.316660e-09	5.050171e+01	9.737150e+02
2.730000e-06	8.174860e-10	8.342322e-09	5.014101e+01	9.722657e+02
2.740000e-06	8.114835e-10	8.285903e-09	4.977280e+01	9.707699e+02
2.750000e-06	8.053101e-10	8.239815e-09	4.939412e+01	9.692222e+02
2.760000e-06	7.989809e-10	8.238123e-09	4.900589e+01	9.676176e+02
2.770000e-06	7.925207e-10	8.203712e-09	4.860961e+01	9.659519e+02
2.780000e-06	7.859121e-10	8.239669e-09	4.820424e+01	9.642218e+02
2.790000e-06	7.791627e-10	8.222277e-09	4.779023e+01	9.624246e+02
2.800000e-06	7.722544e-10	8.215177e-09	4.736647e+01	9.605590e+02
2.810000e-06	7.652272e-10	8.184149e-09	4.693543e+01	9.586244e+02
2.820000e-06	7.580905e-10	8.146212e-09	4.649765e+01	9.566213e+02
2.830000e-06	7.508180e-10	8.135361e-09	4.605156e+01	9.545507e+02
2.840000e-06	7.433982e-10	8.102435e-09	4.559642e+01	9.524143e+02
2.850000e-06	7.358199e-10	8.106739e-09	4.513157e+01	9.502142e+02
2.860000e-06	7.281090e-10	8.090348e-09	4.465858e+01	9.479522e+02
2.870000e-06	7.202563e-10	8.085814e-09	4.417689e+01	9.456302e+02
2.880000e-06	7.122682e-10	8.061523e-09	4.368690e+01	9.432492e+02
2.890000e-06	7.041659e-10	8.020181e-09	4.318991e+01	9.408096e+02
2.900000e-06	6.959570e-10	7.993349e-09	4.268639e+01	9.383108e+02
2.910000e-06	6.876417e-10	7.968987e-09	4.217633e+01	9.357509e+02
2.920000e-06	6.791964e-10	7.964837e-09	4.165830e+01	9.331268e+02
2.930000e-06	6.706197e-10	7.947189e-09	4.113221e+01	9.304342e+02
2.940000e-06	6.619188e-10	7.927766e-09	4.059850e+01	9.276677e+02
2.950000e-06	6.531091e-10	7.895119e-09	4.005812e+01	9.248207e+02
2.960000e-06	6.441961e-10	7.863209e-09	3.951141e+01	9.218861e+02
2.970000e-06	6.351711e-10	7.829869e-09	3.895782e+01	9.188559e+02
2.980000e-06	6.260310e-10	7.795693e-09	3.839717e+01	9.157222e+02
2.990000e-06	6.167770e-10	7.772388e-09	3.782954e+01	9.124772e+02
3.000000e-06	6.074134e-10	7.755317e-09	3.725519e+01	9.091133e+02
3.010000e-06	5.979322e-10	7.740293e-09	3.667362e+01	9.056239e+02
3.020000e-06	5.883329e-10	7.708174e-09	3.608481e+01	9.020031e+02
3.030000e-06	5.786312e-10	7.668326e-09	3.548972e+01	8.982464e+02
3.040000e-06	5.688402e-10	7.625261e-09	3.488916e+01	8.943503e+02
3.050000e-06	5.589554e-10	7.588768e-09	3.428283e+01	8.903126e+02
3.060000e-06	5.489638e-10	7.553823e-09	3.366996e+01	8.861321e+02
3.070000e-06	5.388644e-10	7.518976e-09	3.305048e+01	8.818086e+02
3.080000e-06	5.286676e-10	7.488482e-09	3.242502e+01	8.773424e+02
3.090000e-06	5.183729e-10	7.457177e-09	3.179356e+01	8.727341e+02
3.100000e-06	5.079767e-10	7.420342e-09	3.115587e+01	8.679841e+02
3.110000e-06	4.974916e-10	7.372452e-09	3.051274e+01	8.630923e+02
3.120000e-06	4.869310e-10	7.322092e-09	2.986497e+01	8.580575e+02
3.130000e-06	4.762985e-10	7.277526e-09	2.921279e+01	8.528772e+02
3.140000e-06	4.655862e-10	7.236694e-09	2.855571e+01	8.475470e+02
3.150000e-06	4.547901e-10	7.193141e-09	2.789350e+01	8.420609e+02
3.160000e-06	4.439200e-10	7.145276e-09	2.722675e+01	8.364103e+02
3.170000e-06	4.329842e-10	7.095762e-09	2.655597e+01	8.305848e+02
3.180000e-06	4.219734e-10	7.046075e-09	2.588059e+01	8.245718e+02
3.190000e-06	4.108753e-10	6.992806e-09	2.519985e+01	8.183570e+02
3.200000e-06	3.997008e-10	6.936069e-09	2.451444e+01	8.119242e+02
3.210000e-06	3.884632e-10	6.879123e-09	2.382515e+01	8.052566e+02
3.220000e-06	3.771620e-10	6.823486e-09	2.313195e+01	7.983361e+02
3.230000e-06	3.657895e-10	6.765485e-09	2.243439e+01	7.911450e+02
3.240000e-06	3.543448e-10	6.700464e-09	2.173239e+01	7.836652e+02
3.250000e-06	3.428340e-10	6.630817e-09	2.102634e+01	7.758798e+02
3.260000e-06	3.312595e-10	6.559627e-09	2.031638e+01	7.677725e+02
3.270000e-06	3.196210e-10	6.488178e-09	1.960251e+01	7.593282e+02
3.280000e-06	3.079200e-10	6.415209e-09	1.888479e+01	7.505328e+02
3.290000e-06	2.961615e-10	6.338577e-09	1.816356e+01	7.413734e+02
3.300000e-06	2.843498e-10	6.258939e-09	1.743906e+01	7.318375e+02
3.310000e-06	2.724867e-10	6.175871e-09	1.671141e+01	7.219124e+02
3.320000e-06	2.605711e-10	6.086698e-09	1.598053e+01	7.115851e+02
3.330000e-06	2.486008e-10	5.993797e-09	1.524630e+01	7.008405e+02
3.340000e-06	2.365787e-10	5.899155e-09	1.450890e+01	6.896611e+02
3.350000e-06	2.245140e-10	5.805118e-09	1.376888e+01	6.780255e+02
3.360000e-06	2.124148e-10	5.708717e-09	1.302675e+01	6.659075e+02
3.370000e-06	2.002835e-10	5.603574e-09	1.228266e+01	6.532752e+02
3.380000e-06	1.881199e-10	5.489813e-09	1.153657e+01	6.400897e+02
3.390000e-06	1.759235e-10	5.367187e-09	1.078848e+01	6.263050e+02
3.400000e-06	1.636959e-10	5.238605e-09	1.003847e+01	6.118670e+02
3.410000e-06	1.514366e-10	5.106217e-09	9.286515e+00	5.967142e+02
3.420000e-06	1.391446e-10	4.971288e-09	8.532557e+00	5.807774e+02
3.430000e-06	1.268229e-10	4.831961e-09	7.776771e+00	5.639808e+02
3.440000e-06	1.144769e-10	4.685111e-09	7.019502e+00	5.462431e+02
3.450000e-06	1.021111e-10	4.528221e-09	6.261022e+00	5.274791e+02
3.460000e-06	8.972592e-11	4.358114e-09	5.501348e+00	5.076021e+02
3.470000e-06	7.732275e-11	4.174877e-09	4.740570e+00	4.865257e+02
3.480000e-06	6.490717e-11	3.979735e-09	3.979033e+00	4.641673e+02
3.490000e-06	5.248394e-11	3.773572e-09	3.217028e+00	4.404504e+02
3.500000e-06	4.005266e-11	3.559795e-09	2.454527e+00	4.153077e+02
3.510000e-06	2.761474e-11	3.338009e-09	1.691620e+00	3.886849e+02
3.520000e-06	1.517558e-11	3.104087e-09	9.286372e-01	3.605426e+02
3.530000e-06	2.738557e-12	2.854620e-09	1.657868e-01	3.308600e+02
3.540000e-06	-9.695424e-12	2.590496e-09	-5.968754e-01	2.996366e+02
3.550000e-06	-2.212520e-11	2.314126e-09	-1.359280e+00	2.668946e+02
3.560000e-06	-3.454772e-11	2.022723e-09	-2.121240e+00	2.326800e+02
3.570000e-06	-4.695944e-11	1.715113e-09	-2.882538e+00	1.970637e+02
3.580000e-06	-5.935766e-11	1.394067e-09	-3.643010e+00	1.601413e+02
3.590000e-06	-7.174154e-11	1.065110e-09	-4.402600e+00	1.220327e+02
3.600000e-06	-8.410968e-11	7.303505e-10	-5.161225e+00	8.288078e+01
3.610000e-06	-9.645809e-11	3.882992e-10	-5.918639e+00	4.284920e+01
3.620000e-06	-1.087829e-10	3.902539e-11	-6.674601e+00	2.120056e+00
3.630000e-06	-1.210838e-10	-3.134423e-10	-7.429104e+00	-3.910950e+01
3.640000e-06	-1.333605e-10	-6.671415e-10	-8.182114e+00	-8.063091e+01
3.650000e-06	-1.456090e-10	-1.023163e-09	-8.933392e+00	-1.222282e+02
3.660000e-06	-1.578286e-10	-1.380894e-09	-9.682893e+00	-1.636825e+02
3.670000e-06	-1.700197e-10	-1.735833e-09	-1.043065e+01	-2.047758e+02
3.680000e-06	-1.821831e-10	-2.081725e-09	-1.117671e+01	-2.452961e+02
3.690000e-06	-1.943206e-10	-2.417778e-09	-1.192118e+01	-2.850408e+02
3.700000e-06	-2.064322e-10	-2.747350e-09	-1.266406e+01	-3.238211e+02
3.710000e-06	-2.185153e-10	-3.069990e-09	-1.340520e+01	-3.614651e+02
3.720000e-06	-2.305655e-10	-3.382024e-09	-1.414431e+01	-3.978207e+02
3.730000e-06	-2.425773e-10	-3.683395e-09	-1.488107e+01	-4.327580e+02
3.740000e-06	-2.545453e-10	-3.975047e-09	-1.561514e+01	-4.661708e+02
3.750000e-06	-2.664651e-10	-4.255216e-09	-1.634626e+01	-4.979778e+02
3.760000e-06	-2.783335e-10	-4.519588e-09	-1.707422e+01	-5.281224e+02
3.770000e-06	-2.901504e-10	-4.765730e-09	-1.779902e+01	-5.565727e+02
3.780000e-06	-3.019162e-10	-4.995555e-09	-1.852069e+01	-5.833205e+02
3.790000e-06	-3.136285e-10	-5.212250e-09	-1.923907e+01	-6.083794e+02
3.800000e-06	-3.252824e-10	-5.415823e-09	-1.995388e+01	-6.317827e+02
3.810000e-06	-3.368723e-10	-5.605226e-09	-2.066476e+01	-6.535816e+02
3.820000e-06	-3.483934e-10	-5.780842e-09	-2.137141e+01	-6.738417e+02
3.830000e-06	-3.598399e-10	-5.944558e-09	-2.207349e+01	-6.926405e+02
3.840000e-06	-3.712083e-10	-6.097044e-09	-2.277077e+01	-7.100646e+02
3.850000e-06	-3.824998e-10	-6.237760e-09	-2.346335e+01	-7.262065e+02
3.860000e-06	-3.937174e-10	-6.364879e-09	-2.415139e+01	-7.411621e+02
3.870000e-06	-4.048599e-10	-6.482338e-09	-2.483482e+01	-7.550278e+02
3.880000e-06	-4.159214e-10	-6.593722e-09	-2.551329e+01	-7.678987e+02
3.890000e-06	-4.268996e-10	-6.696650e-09	-2.618665e+01	-7.798664e+02
3.900000e-06	-4.377988e-10	-6.791336e-09	-2.685515e+01	-7.910175e+02
3.910000e-06	-4.486235e-10	-6.879665e-09	-2.751909e+01	-8.014322e+02
3.920000e-06	-4.593738e-10	-6.964099e-09	-2.817847e+01	-8.111838e+02
3.930000e-06	-4.700464e-10	-7.045177e-09	-2.883308e+01	-8.203383e+02
3.940000e-06	-4.806398e-10	-7.122825e-09	-2.948283e+01	-8.289539e+02
3.950000e-06	-4.911537e-10	-7.195658e-09	-3.012771e+01	-8.370813e+02
3.960000e-06	-5.015829e-10	-7.263802e-09	-3.076739e+01	-8.447645e+02
3.970000e-06	-5.119169e-10	-7.327092e-09	-3.140122e+01	-8.520408e+02
3.980000e-06	-5.221488e-10	-7.385286e-09	-3.202880e+01	-8.589418e+02
3.990000e-06	-5.322801e-10	-7.440239e-09	-3.265020e+01	-8.654942e+02
4.000000e-06	-5.423130e-10	-7.492212e-09	-3.326557e+01	-8.717209e+02
4.010000e-06	-5.522465e-10	-7.544526e-09	-3.387484e+01	-8.776411e+02
4.020000e-06	-5.620836e-10	-7.597216e-09	-3.447820e+01	-8.832717e+02
4.030000e-06	-5.718305e-10	-7.647340e-09	-3.507602e+01	-8.886278e+02
4.040000e-06	-5.814904e-10	-7.694105e-09	-3.566852e+01	-8.937231e+02
4.050000e-06	-5.910605e-10	-7.737616e-09	-3.625550e+01	-8.985707e+02
4.060000e-06	-6.005331e-10	-7.779313e-09	-3.683650e+01	-9.031829e+02
4.070000e-06	-6.099018e-10	-7.818836e-09	-3.741112e+01	-9.075720e+02
4.080000e-06	-6.191631e-10	-7.857347e-09	-3.797917e+01	-9.117501e+02
4.090000e-06	-6.283122e-10	-7.894848e-09	-3.854033e+01	-9.157292e+02
4.100000e-06	-6.373480e-10	-7.931057e-09	-3.909453e+01	-9.195209e+02
4.110000e-06	-6.462749e-10	-7.964611e-09	-3.964206e+01	-9.231371e+02
4.120000e-06	-6.550954e-10	-7.995181e-09	-4.018306e+01	-9.265888e+02
4.130000e-06	-6.638051e-10	-8.024062e-09	-4.071726e+01	-9.298869e+02
4.140000e-06	-6.723984e-10	-8.052950e-09	-4.124433e+01	-9.330415e+02
4.150000e-06	-6.808703e-10	-8.083056e-09	-4.176395e+01	-9.360621e+02
4.160000e-06	-6.892194e-10	-8.111116e-09	-4.227604e+01	-9.389573e+02
4.170000e-06	-6.974542e-10	-8.135534e-09	-4.278112e+01	-9.417350e+02
4.180000e-06	-7.055797e-10	-8.157996e-09	-4.327949e+01	-9.444021e+02
4.190000e-06	-7.135896e-10	-8.180401e-09	-4.377077e+01	-9.469650e+02
4.200000e-06	-7.214728e-10	-8.202075e-09	-4.425428e+01	-9.494290e+02
4.210000e-06	-7.292184e-10	-8.222153e-09	-4.472935e+01	-9.517990e+02
4.220000e-06	-7.368173e-10	-8.241839e-09	-4.519541e+01	-9.540793e+02
4.230000e-06	-7.442680e-10	-8.261701e-09	-4.565239e+01	-9.562736e+02
4.240000e-06	-7.515786e-10	-8.280325e-09	-4.610078e+01	-9.583855e+02
4.250000e-06	-7.587564e-10	-8.296832e-09	-4.654101e+01	-9.604182e+02
4.260000e-06	-7.657968e-10	-8.311387e-09	-4.697282e+01	-9.623748e+02
4.270000e-06	-7.726897e-10	-8.325429e-09	-4.739559e+01	-9.642582e+02
4.280000e-06	-7.794370e-10	-8.340479e-09	-4.780942e+01	-9.660713e+02
4.290000e-06	-7.860486e-10	-8.355894e-09	-4.821493e+01	-9.678170e+02
4.300000e-06	-7.925311e-10	-8.369988e-09	-4.861252e+01	-9.694981e+02
4.310000e-06	-7.988823e-10	-8.381637e-09	-4.900206e+01	-9.711175e+02
4.320000e-06	-8.050889e-10	-8.393014e-09	-4.938272e+01	-9.726776e+02
4.330000e-06	-8.111404e-10	-8.404235e-09	-4.975388e+01	-9.741810e+02
4.340000e-06	-8.170466e-10	-8.414835e-09	-5.011613e+01	-9.756302e+02
4.350000e-06	-8.228199e-10	-8.425433e-09	-5.047022e+01	-9.770270e+02
4.360000e-06	-8.284582e-10	-8.435926e-09	-5.081602e+01	-9.783735e+02
4.370000e-06	-8.339476e-10	-8.446455e-09	-5.115270e+01	-9.796712e+02
4.380000e-06	-8.392683e-10	-8.456257e-09	-5.147902e+01	-9.809213e+02
4.390000e-06	-8.444159e-10	-8.464344e-09	-5.179473e+01	-9.821249e+02
4.400000e-06	-8.494010e-10	-8.471002e-09	-5.210047e+01	-9.832828e+02
4.410000e-06	-8.542208e-10	-8.477772e-09	-5.239607e+01	-9.843955e+02
4.420000e-06	-8.588732e-10	-8.484381e-09	-5.268140e+01	-9.854636e+02
4.430000e-06	-8.633764e-10	-8.490726e-09	-5.295759e+01	-9.864871e+02
4.440000e-06	-8.677483e-10	-8.497901e-09	-5.322573e+01	-9.874666e+02
4.450000e-06	-8.719933e-10	-8.505297e-09	-5.348608e+01	-9.884022e+02
4.460000e-06	-8.761066e-10	-8.511090e-09	-5.373835e+01	-9.892942e+02
4.470000e-06	-8.800813e-10	-8.515335e-09	-5.398212e+01	-9.901432e+02
4.480000e-06	-8.839043e-10	-8.518331e-09	-5.421658e+01	-9.909497e+02
4.490000e-06	-8.875596e-10	-8.520918e-09	-5.444075e+01	-9.917144e+02
4.500000e-06	-8.910560e-10	-8.524170e-09	-5.465519e+01	-9.924382e+02
4.510000e-06	-8.944076e-10	-8.528979e-09	-5.486074e+01	-9.931220e+02
4.520000e-06	-8.976111e-10	-8.535024e-09	-5.505720e+01	-9.937670e+02
4.530000e-06	-9.006516e-10	-8.540390e-09	-5.524367e+01	-9.943743e+02
4.540000e-06	-9.035182e-10	-8.543904e-09	-5.541947e+01	-9.949451e+02
4.550000e-06	-9.062251e-10	-8.545082e-09	-5.558548e+01	-9.954807e+02
4.560000e-06	-9.087831e-10	-8.544938e-09	-5.574235e+01	-9.959821e+02
4.570000e-06	-9.111882e-10	-8.543742e-09	-5.588985e+01	-9.964505e+02
4.580000e-06	-9.134298e-10	-8.542429e-09	-5.602730e+01	-9.968868e+02
4.590000e-06	-9.154960e-10	-8.543742e-09	-5.615401e+01	-9.972917e+02
4.600000e-06	-9.174007e-10	-8.548063e-09	-5.627081e+01	-9.976660e+02
4.610000e-06	-9.191570e-10	-8.553095e-09	-5.637851e+01	-9.980102e+02
4.620000e-06	-9.207604e-10	-8.555767e-09	-5.647683e+01	-9.983245e+02
4.630000e-06	-9.221924e-10	-8.554716e-09	-5.656463e+01	-9.986093e+02
4.640000e-06	-9.234321e-10	-8.551830e-09	-5.664064e+01	-9.988645e+02
4.650000e-06	-9.244900e-10	-8.548797e-09	-5.670549e+01	-9.990902e+02
4.660000e-06	-9.253868e-10	-8.546067e-09	-5.676047e+01	-9.992861e+02
4.670000e-06	-9.261295e-10	-8.543488e-09	-5.680600e+01	-9.994520e+02
4.680000e-06	-9.267017e-10	-8.541531e-09	-5.684106e+01	-9.995875e+02
4.690000e-06	-9.270989e-10	-8.540902e-09	-5.686539e+01	-9.996921e+02
4.700000e-06	-9.273419e-10	-8.541250e-09	-5.688027e+01	-9.997652e+02
4.710000e-06	-9.274370e-10	-8.540764e-09	-5.688608e+01	-9.998060e+02
