# Configuracion:
# Concentracion g/m^3_=_19900.0
# C_Vs_to_Am_M_A/Vsm_=_116720831517.84952
# pendiente_HvsI_1/m_=_3716.3
# ordenada_HvsI_A/m_=_1297.0
# frecuencia_ref_Hz_=_238342.50167783553
# 
Resultados:
# tau_s_=_(5.75+/-0.92)e+01
# dphi_rad_=_6.37+/-0.01
# SAR_W/g_=_280.78+/-53.59
# Hc_kA/m_=_6.79+/-0.92
# Mr_A/m_=_328.20+/-63.98
# Suceptibilidad_a_M=0_=_0.0537+/-0.0058
# t_hasta_1er_file_=_161.91
# Duracion_T_Fase_=_49.2
# 1er_file_T_Fase_=_235kHz_150dA_100Mss_bobN1NE5X0079.txt
# last_file_T_Fase_=_235kHz_150dA_100Mss_bobN1NE5X0170.txt

Nombre_archivo	Time_m_(s)	Temperatura_(ºC)	Mr_(A/m)	Hc_(kA/m)	Campo_max_(A/m)	Mag_max_(A/m)	f0	mag0	dphi0	SAR_(W/g)	Tau_(ns)	N	xi_M_0
235kHz_150dA_100Mss_bobN1NE5X0010.txt	161.91	-37.92	216.56	5.57	57041.50	1009.93	2.383222e+05	3.105953e+01	6.352751e+00	216.32	46.528333	4196	4.202e-02
235kHz_150dA_100Mss_bobN1NE5X0011.txt	162.42	-36.34	215.03	5.56	57041.50	995.46	2.383222e+05	3.063854e+01	6.352372e+00	212.23	46.274173	4196	4.185e-02
235kHz_150dA_100Mss_bobN1NE5X0012.txt	162.93	-34.81	212.67	5.44	57041.50	999.65	2.383222e+05	3.077421e+01	6.350189e+00	206.45	44.809919	4196	4.186e-02
235kHz_150dA_100Mss_bobN1NE5X0013.txt	163.43	-33.31	210.07	5.45	57041.50	978.42	2.383222e+05	3.018342e+01	6.350448e+00	203.27	44.983491	4196	4.119e-02
235kHz_150dA_100Mss_bobN1NE5X0014.txt	163.95	-31.75	209.05	5.44	57041.50	976.43	2.383222e+05	3.011335e+01	6.350906e+00	204.18	45.290415	4196	4.131e-02
235kHz_150dA_100Mss_bobN1NE5X0015.txt	164.46	-30.36	206.18	5.35	57041.50	968.10	2.383222e+05	2.988067e+01	6.348389e+00	195.08	43.602690	4196	4.142e-02
235kHz_150dA_100Mss_bobN1NE5X0016.txt	164.99	-28.93	206.43	5.31	57041.50	970.45	2.383222e+05	2.998219e+01	6.349347e+00	198.62	44.245204	4196	4.152e-02
235kHz_150dA_100Mss_bobN1NE5X0017.txt	165.5	-27.65	205.17	5.31	57041.50	959.43	2.383222e+05	2.966608e+01	6.348845e+00	195.03	43.908422	4196	4.130e-02
235kHz_150dA_100Mss_bobN1NE5X0018.txt	166.02	-26.35	204.26	5.32	57041.50	948.73	2.383222e+05	2.937871e+01	6.349625e+00	195.43	44.431241	4196	4.092e-02
235kHz_150dA_100Mss_bobN1NE5X0019.txt	167.03	-23.80	200.65	5.23	57041.50	929.15	2.383222e+05	2.887050e+01	6.347990e+00	187.33	43.334975	4196	4.105e-02
235kHz_150dA_100Mss_bobN1NE5X0020.txt	167.54	-22.17	198.22	5.16	57041.50	934.01	2.383222e+05	2.897395e+01	6.345280e+00	180.15	41.518464	4196	4.116e-02
235kHz_150dA_100Mss_bobN1NE5X0021.txt	168.05	-20.70	197.84	5.13	57041.50	931.87	2.383222e+05	2.892998e+01	6.345259e+00	179.82	41.504365	4196	4.131e-02
235kHz_150dA_100Mss_bobN1NE5X0022.txt	168.54	-20.70	198.63	5.15	57041.50	936.03	2.383222e+05	2.904847e+01	6.347314e+00	186.53	42.881521	4196	4.122e-02
235kHz_150dA_100Mss_bobN1NE5X0023.txt	169.06	-20.59	196.18	5.10	57041.50	925.56	2.383222e+05	2.875640e+01	6.345496e+00	179.42	41.662885	4196	4.115e-02
235kHz_150dA_100Mss_bobN1NE5X0024.txt	169.57	-19.67	196.28	5.08	57041.50	924.51	2.383222e+05	2.875929e+01	6.345685e+00	179.98	41.789452	4196	4.131e-02
235kHz_150dA_100Mss_bobN1NE5X0025.txt	170.1	-18.74	193.94	5.04	57041.50	921.43	2.383222e+05	2.864213e+01	6.343946e+00	174.27	40.623959	4196	4.120e-02
235kHz_150dA_100Mss_bobN1NE5X0026.txt	170.6	-17.94	193.08	5.01	57041.50	917.58	2.383222e+05	2.853695e+01	6.343608e+00	172.67	40.397754	4196	4.130e-02
235kHz_150dA_100Mss_bobN1NE5X0027.txt	171.14	-16.98	191.45	4.97	57041.50	917.58	2.383222e+05	2.852540e+01	6.342407e+00	169.17	39.592805	4196	4.105e-02
235kHz_150dA_100Mss_bobN1NE5X0028.txt	171.66	-15.78	191.45	4.95	57041.50	919.38	2.383222e+05	2.858693e+01	6.342874e+00	170.87	39.905293	4196	4.130e-02
235kHz_150dA_100Mss_bobN1NE5X0029.txt	172.18	-14.77	190.32	4.92	57041.50	919.69	2.383222e+05	2.858530e+01	6.341721e+00	167.56	39.132994	4196	4.147e-02
235kHz_150dA_100Mss_bobN1NE5X0030.txt	172.69	-14.10	192.26	5.01	57041.50	907.00	2.383222e+05	2.825913e+01	6.344597e+00	173.78	41.060504	4196	4.097e-02
235kHz_150dA_100Mss_bobN1NE5X0031.txt	173.21	-13.43	190.68	4.96	57041.50	913.84	2.383222e+05	2.842766e+01	6.343251e+00	170.99	40.158304	4196	4.110e-02
235kHz_150dA_100Mss_bobN1NE5X0032.txt	173.73	-12.75	190.16	4.95	57041.50	910.98	2.383222e+05	2.833622e+01	6.342779e+00	169.10	39.841757	4196	4.106e-02
235kHz_150dA_100Mss_bobN1NE5X0033.txt	174.23	-12.15	188.66	4.91	57041.50	910.24	2.383222e+05	2.831511e+01	6.341146e+00	164.35	38.747526	4196	4.110e-02
235kHz_150dA_100Mss_bobN1NE5X0034.txt	174.75	-11.58	189.72	4.93	57041.50	913.41	2.383222e+05	2.841659e+01	6.342640e+00	169.18	39.748503	4196	4.114e-02
235kHz_150dA_100Mss_bobN1NE5X0035.txt	175.27	-11.14	188.19	4.88	57041.50	907.48	2.383222e+05	2.825323e+01	6.340955e+00	163.45	38.619967	4196	4.116e-02
235kHz_150dA_100Mss_bobN1NE5X0036.txt	175.79	-10.83	189.44	4.90	57041.50	904.69	2.383790e+05	2.819359e+01	6.341830e+00	165.61	39.206090	4195	4.124e-02
235kHz_150dA_100Mss_bobN1NE5X0037.txt	176.32	-10.35	187.60	4.84	57041.50	909.20	2.383222e+05	2.829466e+01	6.339320e+00	159.06	37.524201	4196	4.145e-02
235kHz_150dA_100Mss_bobN1NE5X0038.txt	177.3	-9.36	188.86	4.86	57041.50	906.49	2.383222e+05	2.825185e+01	6.339951e+00	160.60	37.946742	4196	4.163e-02
235kHz_150dA_100Mss_bobN1NE5X0039.txt	177.82	-8.94	191.99	5.01	57041.50	904.26	2.383222e+05	2.815847e+01	6.343847e+00	171.05	40.557714	4196	4.103e-02
235kHz_150dA_100Mss_bobN1NE5X0040.txt	178.31	-8.55	193.28	4.99	57041.50	908.33	2.383222e+05	2.830748e+01	6.342912e+00	169.31	39.930859	4196	4.151e-02
235kHz_150dA_100Mss_bobN1NE5X0041.txt	178.81	-8.15	193.62	4.95	57041.50	912.87	2.383222e+05	2.842864e+01	6.340803e+00	164.03	38.517800	4196	4.202e-02
235kHz_150dA_100Mss_bobN1NE5X0042.txt	179.33	-7.74	195.41	4.96	57041.50	920.36	2.383222e+05	2.865484e+01	6.340776e+00	165.26	38.499669	4196	4.211e-02
235kHz_150dA_100Mss_bobN1NE5X0043.txt	179.84	-7.33	197.17	5.01	57041.50	916.34	2.383222e+05	2.856896e+01	6.341692e+00	167.38	39.113154	4196	4.223e-02
235kHz_150dA_100Mss_bobN1NE5X0044.txt	180.34	-6.93	197.76	4.99	57041.50	927.16	2.383222e+05	2.884427e+01	6.340133e+00	164.50	38.068988	4196	4.242e-02
235kHz_150dA_100Mss_bobN1NE5X0045.txt	180.85	-6.52	205.10	5.20	57041.50	919.65	2.383222e+05	2.869909e+01	6.346261e+00	181.26	42.175705	4196	4.225e-02
235kHz_150dA_100Mss_bobN1NE5X0046.txt	181.36	-6.18	208.11	5.23	57041.50	915.63	2.383222e+05	2.864092e+01	6.346577e+00	181.80	42.388213	4196	4.272e-02
235kHz_150dA_100Mss_bobN1NE5X0047.txt	181.87	-5.88	211.54	5.30	57041.50	920.99	2.383222e+05	2.880787e+01	6.347955e+00	186.83	43.311747	4196	4.283e-02
235kHz_150dA_100Mss_bobN1NE5X0048.txt	182.45	-5.49	213.60	5.29	57041.50	928.62	2.383222e+05	2.903435e+01	6.346521e+00	184.13	42.350190	4196	4.324e-02
235kHz_150dA_100Mss_bobN1NE5X0049.txt	182.96	-5.13	217.03	5.37	57041.50	927.92	2.383222e+05	2.902101e+01	6.346903e+00	185.16	42.606526	4196	4.356e-02
235kHz_150dA_100Mss_bobN1NE5X0050.txt	183.48	-4.86	219.96	5.43	57041.50	919.85	2.383222e+05	2.883507e+01	6.347828e+00	186.64	43.226436	4196	4.365e-02
235kHz_150dA_100Mss_bobN1NE5X0051.txt	183.99	-4.60	226.30	5.50	57041.50	937.56	2.383222e+05	2.937355e+01	6.349435e+00	194.84	44.304438	4196	4.456e-02
235kHz_150dA_100Mss_bobN1NE5X0052.txt	184.51	-4.35	226.85	5.49	57041.50	935.39	2.383222e+05	2.928168e+01	6.346697e+00	186.22	42.468253	4196	4.490e-02
235kHz_150dA_100Mss_bobN1NE5X0053.txt	185.03	-4.09	233.91	5.61	57041.50	940.09	2.383222e+05	2.947162e+01	6.350074e+00	197.38	44.733184	4196	4.567e-02
235kHz_150dA_100Mss_bobN1NE5X0054.txt	185.53	-3.89	239.28	5.69	57041.50	946.31	2.383222e+05	2.969938e+01	6.351750e+00	203.88	45.857010	4196	4.624e-02
235kHz_150dA_100Mss_bobN1NE5X0055.txt	186.04	-3.67	241.89	5.70	57041.50	956.44	2.383222e+05	2.995288e+01	6.349757e+00	199.65	44.520552	4196	4.668e-02
235kHz_150dA_100Mss_bobN1NE5X0056.txt	186.56	-3.31	248.76	5.84	57041.50	956.03	2.383222e+05	2.999330e+01	6.352799e+00	209.04	46.561372	4196	4.690e-02
235kHz_150dA_100Mss_bobN1NE5X0057.txt	187.58	-2.77	259.18	5.97	57041.50	961.11	2.383222e+05	3.020745e+01	6.354089e+00	214.43	47.427005	4196	4.813e-02
235kHz_150dA_100Mss_bobN1NE5X0058.txt	188.08	-2.58	264.13	6.07	57041.50	959.57	2.383222e+05	3.018867e+01	6.356038e+00	220.17	48.735225	4196	4.813e-02
235kHz_150dA_100Mss_bobN1NE5X0059.txt	188.59	-2.48	269.47	6.09	57041.50	971.91	2.383222e+05	3.057319e+01	6.354957e+00	219.68	48.009829	4196	4.901e-02
235kHz_150dA_100Mss_bobN1NE5X0060.txt	189.09	-2.37	276.63	6.25	57041.50	974.05	2.383222e+05	3.068806e+01	6.358972e+00	232.81	50.705181	4196	4.926e-02
235kHz_150dA_100Mss_bobN1NE5X0061.txt	189.59	-2.22	281.24	6.31	57041.50	972.34	2.383222e+05	3.064700e+01	6.359393e+00	233.79	50.988037	4196	4.967e-02
235kHz_150dA_100Mss_bobN1NE5X0062.txt	190.11	-2.08	285.50	6.38	57041.50	966.41	2.383222e+05	3.050769e+01	6.359193e+00	232.12	50.853904	4196	5.001e-02
235kHz_150dA_100Mss_bobN1NE5X0063.txt	190.63	-1.97	292.00	6.51	57041.50	978.81	2.383222e+05	3.085338e+01	6.361781e+00	242.73	52.592183	4196	5.106e-02
235kHz_150dA_100Mss_bobN1NE5X0064.txt	191.14	-1.89	296.60	6.59	57041.50	972.17	2.383222e+05	3.069860e+01	6.362312e+00	243.14	52.949048	4196	5.133e-02
235kHz_150dA_100Mss_bobN1NE5X0065.txt	191.66	-1.83	300.69	6.65	57041.50	972.76	2.383222e+05	3.073325e+01	6.363161e+00	246.02	53.519656	4196	5.159e-02
235kHz_150dA_100Mss_bobN1NE5X0066.txt	192.16	-1.78	306.33	6.70	57041.50	979.69	2.383222e+05	3.096150e+01	6.363730e+00	249.60	53.901688	4196	5.237e-02
235kHz_150dA_100Mss_bobN1NE5X0067.txt	192.69	-1.73	313.15	6.79	57041.50	979.32	2.383222e+05	3.102172e+01	6.367032e+00	260.32	56.121808	4196	5.267e-02
235kHz_150dA_100Mss_bobN1NE5X0068.txt	193.18	-1.66	317.59	6.90	57041.50	975.95	2.383222e+05	3.091857e+01	6.368020e+00	262.50	56.786660	4196	5.275e-02
235kHz_150dA_100Mss_bobN1NE5X0069.txt	193.7	-1.56	322.83	6.88	57041.50	977.64	2.383222e+05	3.106265e+01	6.367867e+00	263.25	56.683785	4196	5.393e-02
235kHz_150dA_100Mss_bobN1NE5X0070.txt	194.2	-1.48	327.21	6.93	57041.50	989.92	2.383222e+05	3.136222e+01	6.367361e+00	264.21	56.343642	4196	5.427e-02
235kHz_150dA_100Mss_bobN1NE5X0071.txt	194.71	-1.43	332.72	7.05	57041.50	989.51	2.383222e+05	3.138799e+01	6.369977e+00	272.62	58.103505	4196	5.412e-02
235kHz_150dA_100Mss_bobN1NE5X0072.txt	195.21	-1.36	336.43	7.13	57041.50	995.72	2.383222e+05	3.153616e+01	6.370180e+00	274.54	58.239483	4196	5.421e-02
235kHz_150dA_100Mss_bobN1NE5X0073.txt	195.73	-1.25	342.84	7.19	57041.50	991.60	2.383222e+05	3.149678e+01	6.372016e+00	279.98	59.475604	4196	5.485e-02
235kHz_150dA_100Mss_bobN1NE5X0074.txt	196.25	-1.18	347.08	7.22	57041.50	990.76	2.383222e+05	3.149915e+01	6.372438e+00	281.32	59.759293	4196	5.546e-02
235kHz_150dA_100Mss_bobN1NE5X0075.txt	196.77	-1.12	353.33	7.35	57041.50	990.16	2.383222e+05	3.152657e+01	6.375929e+00	292.55	62.110010	4196	5.628e-02
235kHz_150dA_100Mss_bobN1NE5X0076.txt	197.8	-1.10	358.22	7.37	57041.50	1006.58	2.383222e+05	3.195812e+01	6.373570e+00	289.03	60.521610	4196	5.726e-02
235kHz_150dA_100Mss_bobN1NE5X0077.txt	198.32	-1.07	362.96	7.48	57041.50	998.34	2.383222e+05	3.179004e+01	6.377058e+00	298.57	62.870354	4196	5.718e-02
235kHz_150dA_100Mss_bobN1NE5X0078.txt	198.84	-1.02	366.57	7.52	57041.50	1009.26	2.383222e+05	3.207799e+01	6.377031e+00	301.19	62.852881	4196	5.746e-02
235kHz_150dA_100Mss_bobN1NE5X0079.txt	199.34	-0.97	369.61	7.52	57041.50	1008.50	2.383222e+05	3.210392e+01	6.377205e+00	301.99	62.970011	4196	5.793e-02
235kHz_150dA_100Mss_bobN1NE5X0080.txt	199.86	-0.91	371.41	7.65	57041.50	1000.43	2.383222e+05	3.185709e+01	6.379767e+00	307.81	64.696484	4196	5.723e-02
235kHz_150dA_100Mss_bobN1NE5X0081.txt	200.36	-0.86	375.77	7.69	57041.50	1003.83	2.383222e+05	3.196777e+01	6.380797e+00	312.16	65.390489	4196	5.766e-02
235kHz_150dA_100Mss_bobN1NE5X0082.txt	200.88	-0.81	377.06	7.71	57041.50	1008.61	2.383222e+05	3.211167e+01	6.380535e+00	312.73	65.214018	4196	5.727e-02
235kHz_150dA_100Mss_bobN1NE5X0083.txt	201.39	-0.80	381.39	7.74	57041.50	1008.18	2.383222e+05	3.215343e+01	6.381760e+00	317.07	66.039723	4196	5.792e-02
235kHz_150dA_100Mss_bobN1NE5X0084.txt	201.91	-0.80	381.08	7.85	57041.50	1004.97	2.383222e+05	3.201940e+01	6.382852e+00	319.23	66.775942	4196	5.687e-02
235kHz_150dA_100Mss_bobN1NE5X0085.txt	202.49	-0.80	384.93	7.76	57041.50	1020.14	2.383222e+05	3.250872e+01	6.381743e+00	320.51	66.028711	4196	5.838e-02
235kHz_150dA_100Mss_bobN1NE5X0086.txt	203.02	-0.80	384.42	7.79	57041.50	1017.70	2.383222e+05	3.240119e+01	6.381204e+00	317.71	65.664607	4196	5.809e-02
235kHz_150dA_100Mss_bobN1NE5X0087.txt	203.53	-0.75	386.01	7.80	57041.50	1022.63	2.383222e+05	3.254968e+01	6.381076e+00	318.75	65.578513	4196	5.825e-02
235kHz_150dA_100Mss_bobN1NE5X0088.txt	204.06	-0.69	388.21	7.84	57041.50	1024.77	2.383222e+05	3.264112e+01	6.382634e+00	324.72	66.628028	4196	5.814e-02
235kHz_150dA_100Mss_bobN1NE5X0089.txt	204.56	-0.64	388.73	7.84	57041.50	1020.23	2.383222e+05	3.250114e+01	6.381936e+00	321.07	66.157957	4196	5.829e-02
235kHz_150dA_100Mss_bobN1NE5X0090.txt	205.06	-0.60	391.71	7.86	57041.50	1021.72	2.383222e+05	3.258526e+01	6.383988e+00	328.56	67.542172	4196	5.846e-02
235kHz_150dA_100Mss_bobN1NE5X0091.txt	205.57	-0.60	390.90	7.93	57041.50	1020.53	2.383222e+05	3.251321e+01	6.384191e+00	328.50	67.679331	4196	5.773e-02
235kHz_150dA_100Mss_bobN1NE5X0092.txt	206.08	-0.60	391.91	7.90	57041.50	1027.37	2.383222e+05	3.274059e+01	6.384267e+00	331.04	67.730168	4196	5.826e-02
235kHz_150dA_100Mss_bobN1NE5X0093.txt	206.58	-0.60	392.58	7.92	57041.50	1023.96	2.383222e+05	3.264028e+01	6.384541e+00	330.92	67.915552	4196	5.829e-02
235kHz_150dA_100Mss_bobN1NE5X0094.txt	207.14	-0.59	392.10	8.01	57041.50	1013.87	2.383222e+05	3.234739e+01	6.386358e+00	333.81	69.141490	4196	5.718e-02
235kHz_150dA_100Mss_bobN1NE5X0095.txt	208.16	-0.50	392.24	7.91	57041.50	1037.53	2.383222e+05	3.300963e+01	6.383695e+00	331.88	67.345314	4196	5.788e-02
235kHz_150dA_100Mss_bobN1NE5X0096.txt	208.69	-0.50	392.40	7.95	57041.50	1035.46	2.383222e+05	3.293131e+01	6.384656e+00	334.25	67.994077	4196	5.763e-02
235kHz_150dA_100Mss_bobN1NE5X0097.txt	209.19	-0.50	391.98	7.92	57041.50	1036.26	2.383222e+05	3.297766e+01	6.384481e+00	334.14	67.875657	4196	5.766e-02
235kHz_150dA_100Mss_bobN1NE5X0098.txt	209.69	-0.50	391.87	7.99	57041.50	1028.38	2.383222e+05	3.276984e+01	6.386327e+00	338.06	69.120987	4196	5.702e-02
235kHz_150dA_100Mss_bobN1NE5X0099.txt	210.18	-0.50	392.31	7.94	57041.50	1036.63	2.383222e+05	3.298495e+01	6.385516e+00	337.62	68.573859	4196	5.768e-02
235kHz_150dA_100Mss_bobN1NE5X0100.txt	210.71	-0.50	393.47	7.99	57041.50	1024.03	2.383222e+05	3.268317e+01	6.388113e+00	342.99	70.326813	4196	5.752e-02
235kHz_150dA_100Mss_bobN1NE5X0101.txt	211.21	-0.50	390.06	7.95	57041.50	1030.80	2.383222e+05	3.280081e+01	6.385209e+00	334.73	68.366625	4196	5.731e-02
235kHz_150dA_100Mss_bobN1NE5X0102.txt	211.73	-0.50	388.77	7.93	57041.50	1030.08	2.383222e+05	3.277702e+01	6.384766e+00	333.04	68.067291	4196	5.690e-02
235kHz_150dA_100Mss_bobN1NE5X0103.txt	212.23	-0.50	388.01	7.92	57041.50	1025.06	2.383222e+05	3.266212e+01	6.385303e+00	333.62	68.430184	4196	5.704e-02
235kHz_150dA_100Mss_bobN1NE5X0104.txt	212.74	-0.50	387.49	7.97	57041.50	1020.76	2.383222e+05	3.252070e+01	6.386883e+00	337.30	69.496838	4196	5.646e-02
235kHz_150dA_100Mss_bobN1NE5X0105.txt	213.25	-0.48	390.59	7.95	57041.50	1041.85	2.383222e+05	3.313458e+01	6.386684e+00	343.00	69.361851	4196	5.680e-02
235kHz_150dA_100Mss_bobN1NE5X0106.txt	213.75	-0.43	390.78	7.92	57041.50	1031.09	2.383222e+05	3.286892e+01	6.386804e+00	340.65	69.443412	4196	5.692e-02
235kHz_150dA_100Mss_bobN1NE5X0107.txt	214.35	-0.40	390.01	7.93	57041.50	1036.53	2.383222e+05	3.300185e+01	6.386653e+00	341.53	69.340937	4196	5.704e-02
235kHz_150dA_100Mss_bobN1NE5X0108.txt	215.06	-0.40	389.37	7.91	57041.50	1041.54	2.383222e+05	3.312512e+01	6.386376e+00	341.89	69.155096	4196	5.655e-02
235kHz_150dA_100Mss_bobN1NE5X0109.txt	215.56	-0.40	389.19	7.90	57041.50	1043.63	2.383222e+05	3.319661e+01	6.385772e+00	340.63	68.746636	4196	5.685e-02
235kHz_150dA_100Mss_bobN1NE5X0110.txt	216.06	-0.40	387.94	7.90	57041.50	1034.06	2.383222e+05	3.291522e+01	6.385937e+00	338.28	68.857878	4196	5.653e-02
235kHz_150dA_100Mss_bobN1NE5X0111.txt	216.58	-0.40	387.05	7.90	57041.50	1032.21	2.383222e+05	3.285471e+01	6.385962e+00	337.74	68.875266	4196	5.632e-02
235kHz_150dA_100Mss_bobN1NE5X0112.txt	217.08	-0.40	384.45	7.90	57041.50	1035.35	2.383222e+05	3.290643e+01	6.385084e+00	335.40	68.281860	4196	5.589e-02
235kHz_150dA_100Mss_bobN1NE5X0113.txt	217.59	-0.40	383.88	7.78	57041.50	1037.70	2.383222e+05	3.297912e+01	6.382148e+00	326.49	66.301716	4196	5.662e-02
235kHz_150dA_100Mss_bobN1NE5X0114.txt	218.61	-0.40	385.67	7.72	57041.50	1050.00	2.383222e+05	3.337127e+01	6.382535e+00	331.65	66.563193	4196	5.749e-02
235kHz_150dA_100Mss_bobN1NE5X0115.txt	219.14	-0.40	383.03	7.81	57041.50	1041.59	2.383222e+05	3.306805e+01	6.383545e+00	331.97	67.243883	4196	5.616e-02
235kHz_150dA_100Mss_bobN1NE5X0116.txt	219.65	-0.40	384.97	7.85	57041.50	1036.63	2.383222e+05	3.300032e+01	6.386283e+00	340.30	69.091183	4196	5.625e-02
235kHz_150dA_100Mss_bobN1NE5X0117.txt	220.17	-0.40	383.46	7.77	57041.50	1041.10	2.383222e+05	3.311754e+01	6.384251e+00	334.80	67.719808	4196	5.659e-02
235kHz_150dA_100Mss_bobN1NE5X0118.txt	220.75	-0.40	384.24	7.77	57041.50	1038.96	2.383222e+05	3.306796e+01	6.384668e+00	335.67	68.001205	4196	5.678e-02
235kHz_150dA_100Mss_bobN1NE5X0119.txt	221.28	-0.40	383.65	7.80	57041.50	1036.05	2.383222e+05	3.298290e+01	6.385258e+00	336.75	68.400407	4196	5.630e-02
235kHz_150dA_100Mss_bobN1NE5X0120.txt	221.77	-0.40	381.94	7.77	57041.50	1043.73	2.383222e+05	3.315606e+01	6.383636e+00	333.15	67.305650	4196	5.621e-02
235kHz_150dA_100Mss_bobN1NE5X0121.txt	222.28	-0.40	381.94	7.76	57041.50	1039.95	2.383222e+05	3.304698e+01	6.383741e+00	332.40	67.375217	4196	5.635e-02
235kHz_150dA_100Mss_bobN1NE5X0122.txt	222.76	-0.40	381.61	7.76	57041.50	1040.84	2.383222e+05	3.307466e+01	6.383961e+00	333.41	67.524403	4196	5.629e-02
235kHz_150dA_100Mss_bobN1NE5X0123.txt	223.27	-0.40	381.06	7.77	57041.50	1038.42	2.383222e+05	3.301194e+01	6.384589e+00	334.84	67.947687	4196	5.597e-02
235kHz_150dA_100Mss_bobN1NE5X0124.txt	223.76	-0.40	380.18	7.77	57041.50	1037.82	2.383222e+05	3.295500e+01	6.384031e+00	332.43	67.571646	4196	5.575e-02
235kHz_150dA_100Mss_bobN1NE5X0125.txt	224.26	-0.40	380.20	7.68	57041.50	1044.23	2.383222e+05	3.316969e+01	6.382202e+00	328.55	66.338377	4196	5.676e-02
235kHz_150dA_100Mss_bobN1NE5X0126.txt	224.78	-0.40	381.35	7.77	57041.50	1049.84	2.383222e+05	3.331053e+01	6.384379e+00	337.18	67.806692	4196	5.595e-02
235kHz_150dA_100Mss_bobN1NE5X0127.txt	225.29	-0.40	383.33	7.73	57041.50	1048.57	2.383222e+05	3.335336e+01	6.385629e+00	341.77	68.650289	4196	5.649e-02
235kHz_150dA_100Mss_bobN1NE5X0128.txt	225.81	-0.40	379.41	7.71	57041.50	1040.16	2.383222e+05	3.306692e+01	6.384023e+00	333.53	67.565648	4196	5.597e-02
235kHz_150dA_100Mss_bobN1NE5X0129.txt	226.32	-0.40	381.11	7.74	57041.50	1047.24	2.383222e+05	3.325789e+01	6.384782e+00	337.98	68.077739	4196	5.595e-02
235kHz_150dA_100Mss_bobN1NE5X0130.txt	226.85	-0.40	379.81	7.74	57041.50	1055.63	2.383222e+05	3.346094e+01	6.384252e+00	338.27	67.720766	4196	5.600e-02
235kHz_150dA_100Mss_bobN1NE5X0131.txt	227.36	-0.40	379.71	7.68	57041.50	1055.34	2.383222e+05	3.347461e+01	6.383378e+00	335.49	67.131209	4196	5.619e-02
235kHz_150dA_100Mss_bobN1NE5X0132.txt	227.88	-0.40	380.67	7.71	57041.50	1045.58	2.383222e+05	3.321689e+01	6.384639e+00	337.09	67.981986	4196	5.618e-02
235kHz_150dA_100Mss_bobN1NE5X0133.txt	228.9	-0.40	378.99	7.64	57041.50	1052.44	2.383222e+05	3.338193e+01	6.382421e+00	331.38	66.486209	4196	5.629e-02
235kHz_150dA_100Mss_bobN1NE5X0134.txt	229.41	-0.40	378.50	7.64	57041.50	1047.15	2.383222e+05	3.323428e+01	6.382727e+00	330.93	66.692348	4196	5.633e-02
235kHz_150dA_100Mss_bobN1NE5X0135.txt	229.93	-0.40	377.58	7.64	57041.50	1049.72	2.383222e+05	3.330151e+01	6.382351e+00	330.35	66.438323	4196	5.612e-02
235kHz_150dA_100Mss_bobN1NE5X0136.txt	230.45	-0.40	377.66	7.63	57041.50	1044.34	2.383222e+05	3.316342e+01	6.382914e+00	330.84	66.818150	4196	5.615e-02
235kHz_150dA_100Mss_bobN1NE5X0137.txt	230.96	-0.40	377.82	7.60	57041.50	1050.59	2.383222e+05	3.333570e+01	6.382413e+00	330.90	66.480646	4196	5.642e-02
235kHz_150dA_100Mss_bobN1NE5X0138.txt	231.47	-0.40	378.85	7.58	57041.50	1056.48	2.383222e+05	3.353844e+01	6.382758e+00	334.06	66.713198	4196	5.686e-02
235kHz_150dA_100Mss_bobN1NE5X0139.txt	231.99	-0.40	376.93	7.63	57041.50	1046.47	2.383222e+05	3.320770e+01	6.382895e+00	331.22	66.804563	4196	5.590e-02
235kHz_150dA_100Mss_bobN1NE5X0140.txt	232.51	-0.40	375.46	7.52	57041.50	1050.46	2.383222e+05	3.333095e+01	6.380423e+00	324.23	65.138427	4196	5.678e-02
235kHz_150dA_100Mss_bobN1NE5X0141.txt	233.03	-0.40	375.95	7.56	57041.50	1048.59	2.383222e+05	3.329429e+01	6.381810e+00	328.48	66.074202	4196	5.661e-02
235kHz_150dA_100Mss_bobN1NE5X0142.txt	233.55	-0.40	374.26	7.56	57041.50	1047.36	2.383222e+05	3.323164e+01	6.381828e+00	327.92	66.085937	4196	5.602e-02
235kHz_150dA_100Mss_bobN1NE5X0143.txt	234.05	-0.40	374.78	7.63	57041.50	1041.07	2.383222e+05	3.306154e+01	6.384084e+00	333.68	67.607392	4196	5.563e-02
235kHz_150dA_100Mss_bobN1NE5X0144.txt	234.57	-0.40	373.42	7.53	57041.50	1046.26	2.383222e+05	3.319973e+01	6.381164e+00	325.41	65.638284	4196	5.611e-02
235kHz_150dA_100Mss_bobN1NE5X0145.txt	235.08	-0.40	372.76	7.54	57041.50	1045.60	2.383222e+05	3.318523e+01	6.381859e+00	327.57	66.107252	4196	5.588e-02
235kHz_150dA_100Mss_bobN1NE5X0146.txt	235.61	-0.40	371.72	7.47	57041.50	1049.81	2.383222e+05	3.331525e+01	6.380095e+00	322.99	64.917553	4196	5.641e-02
235kHz_150dA_100Mss_bobN1NE5X0147.txt	236.11	-0.40	370.18	7.42	57041.50	1051.11	2.383222e+05	3.332047e+01	6.377862e+00	315.62	63.413241	4196	5.663e-02
235kHz_150dA_100Mss_bobN1NE5X0148.txt	236.62	-0.40	369.59	7.51	57041.50	1048.27	2.383222e+05	3.320751e+01	6.380114e+00	322.01	64.930729	4196	5.567e-02
235kHz_150dA_100Mss_bobN1NE5X0149.txt	237.15	-0.40	370.77	7.46	57041.50	1047.31	2.383222e+05	3.322733e+01	6.379979e+00	321.75	64.839736	4196	5.629e-02
235kHz_150dA_100Mss_bobN1NE5X0150.txt	237.67	-0.40	369.92	7.52	57041.50	1046.03	2.383222e+05	3.315123e+01	6.381276e+00	325.31	65.713656	4196	5.547e-02
235kHz_150dA_100Mss_bobN1NE5X0151.txt	238.18	-0.40	368.95	7.45	57041.50	1046.05	2.383222e+05	3.316183e+01	6.379601e+00	319.87	64.584281	4196	5.603e-02
235kHz_150dA_100Mss_bobN1NE5X0152.txt	239.2	-0.40	368.64	7.38	57041.50	1046.66	2.383222e+05	3.319539e+01	6.378753e+00	317.39	64.013113	4196	5.639e-02
235kHz_150dA_100Mss_bobN1NE5X0153.txt	239.71	-0.40	369.53	7.38	57041.50	1044.06	2.383222e+05	3.315967e+01	6.379473e+00	319.43	64.498724	4196	5.657e-02
235kHz_150dA_100Mss_bobN1NE5X0154.txt	240.22	-0.40	368.78	7.36	57041.50	1046.27	2.383222e+05	3.320531e+01	6.378570e+00	316.88	63.890019	4196	5.659e-02
235kHz_150dA_100Mss_bobN1NE5X0155.txt	240.75	-0.40	368.33	7.48	57041.50	1037.29	2.383222e+05	3.293740e+01	6.381558e+00	324.13	65.903780	4196	5.547e-02
235kHz_150dA_100Mss_bobN1NE5X0156.txt	241.27	-0.40	366.48	7.38	57041.50	1041.84	2.383222e+05	3.305838e+01	6.378692e+00	315.87	63.971583	4196	5.604e-02
235kHz_150dA_100Mss_bobN1NE5X0157.txt	241.88	-0.40	366.94	7.37	57041.50	1038.22	2.383222e+05	3.296026e+01	6.379378e+00	317.19	64.434933	4196	5.598e-02
235kHz_150dA_100Mss_bobN1NE5X0158.txt	242.38	-0.40	366.47	7.41	57041.50	1042.71	2.383222e+05	3.306888e+01	6.380547e+00	322.09	65.222101	4196	5.577e-02
235kHz_150dA_100Mss_bobN1NE5X0159.txt	242.89	-0.40	364.48	7.36	57041.50	1044.66	2.383222e+05	3.309953e+01	6.378109e+00	314.34	63.579008	4196	5.594e-02
235kHz_150dA_100Mss_bobN1NE5X0160.txt	243.4	-0.40	365.15	7.38	57041.50	1042.35	2.383222e+05	3.304023e+01	6.379081e+00	316.98	64.233848	4196	5.590e-02
235kHz_150dA_100Mss_bobN1NE5X0161.txt	243.9	-0.40	363.09	7.31	57041.50	1040.32	2.383222e+05	3.297137e+01	6.377352e+00	310.64	63.069086	4196	5.609e-02
235kHz_150dA_100Mss_bobN1NE5X0162.txt	244.41	-0.40	365.46	7.40	57041.50	1042.90	2.383222e+05	3.308005e+01	6.381006e+00	323.72	65.531020	4196	5.557e-02
235kHz_150dA_100Mss_bobN1NE5X0163.txt	244.92	-0.40	363.52	7.29	57041.50	1046.15	2.383222e+05	3.318048e+01	6.377801e+00	314.09	63.371668	4196	5.578e-02
235kHz_150dA_100Mss_bobN1NE5X0164.txt	245.43	-0.40	364.06	7.38	57041.50	1049.03	2.383222e+05	3.320117e+01	6.379449e+00	319.75	64.481687	4196	5.562e-02
235kHz_150dA_100Mss_bobN1NE5X0165.txt	245.95	-0.40	363.88	7.26	57041.50	1046.16	2.383222e+05	3.319283e+01	6.377694e+00	313.86	63.299594	4196	5.630e-02
235kHz_150dA_100Mss_bobN1NE5X0166.txt	246.47	-0.40	361.62	7.31	57041.50	1044.00	2.383222e+05	3.307237e+01	6.377771e+00	312.97	63.351286	4196	5.544e-02
235kHz_150dA_100Mss_bobN1NE5X0167.txt	246.99	-0.40	362.14	7.32	57041.50	1043.34	2.383222e+05	3.305861e+01	6.378265e+00	314.47	63.683790	4196	5.571e-02
235kHz_150dA_100Mss_bobN1NE5X0168.txt	247.51	-0.35	362.68	7.35	57041.50	1044.02	2.383222e+05	3.308239e+01	6.379484e+00	318.72	64.505386	4196	5.557e-02
235kHz_150dA_100Mss_bobN1NE5X0169.txt	248.03	-0.30	362.38	7.31	57041.50	1043.11	2.383222e+05	3.306975e+01	6.379033e+00	317.11	64.201563	4196	5.576e-02
235kHz_150dA_100Mss_bobN1NE5X0170.txt	248.54	-0.35	362.01	7.29	57041.50	1041.31	2.383222e+05	3.300976e+01	6.378371e+00	314.35	63.755254	4196	5.589e-02
235kHz_150dA_100Mss_bobN1NE5X0171.txt	249.55	-0.29	355.70	7.21	57041.50	1038.19	2.383222e+05	3.285838e+01	6.375770e+00	304.39	62.002827	4196	5.553e-02
235kHz_150dA_100Mss_bobN1NE5X0172.txt	250.06	-0.18	360.69	7.35	57041.50	1032.45	2.383222e+05	3.275924e+01	6.381669e+00	322.74	65.978411	4196	5.519e-02
235kHz_150dA_100Mss_bobN1NE5X0173.txt	250.56	0.02	355.60	7.21	57041.50	1040.90	2.383222e+05	3.292552e+01	6.375991e+00	305.73	62.151788	4196	5.520e-02
235kHz_150dA_100Mss_bobN1NE5X0174.txt	251.08	0.24	358.60	7.27	57041.50	1036.23	2.383222e+05	3.286105e+01	6.379563e+00	316.85	64.558613	4196	5.540e-02
235kHz_150dA_100Mss_bobN1NE5X0175.txt	251.59	0.50	354.47	7.14	57041.50	1035.98	2.383222e+05	3.283292e+01	6.374606e+00	300.34	61.218711	4196	5.549e-02
235kHz_150dA_100Mss_bobN1NE5X0176.txt	252.09	0.77	354.89	7.25	57041.50	1037.77	2.383222e+05	3.283830e+01	6.377414e+00	309.58	63.109918	4196	5.503e-02
235kHz_150dA_100Mss_bobN1NE5X0177.txt	252.59	1.17	354.69	7.12	57041.50	1043.96	2.383222e+05	3.307875e+01	6.375197e+00	304.54	61.617086	4196	5.543e-02
235kHz_150dA_100Mss_bobN1NE5X0178.txt	253.12	1.58	354.15	7.14	57041.50	1044.58	2.383222e+05	3.305825e+01	6.375168e+00	304.25	61.597815	4196	5.514e-02
235kHz_150dA_100Mss_bobN1NE5X0179.txt	253.63	1.94	353.46	7.16	57041.50	1039.93	2.383222e+05	3.292031e+01	6.375894e+00	305.37	62.086603	4196	5.511e-02
235kHz_150dA_100Mss_bobN1NE5X0180.txt	254.12	2.26	353.82	7.16	57041.50	1035.57	2.383222e+05	3.279946e+01	6.375824e+00	304.02	62.039305	4196	5.510e-02
235kHz_150dA_100Mss_bobN1NE5X0181.txt	254.64	2.52	353.49	7.11	57041.50	1034.98	2.383222e+05	3.282538e+01	6.375413e+00	302.91	61.762756	4196	5.533e-02
235kHz_150dA_100Mss_bobN1NE5X0182.txt	255.13	2.89	353.29	7.15	57041.50	1033.51	2.383222e+05	3.276537e+01	6.376323e+00	305.33	62.375805	4196	5.522e-02
235kHz_150dA_100Mss_bobN1NE5X0183.txt	255.66	3.69	355.67	7.21	57041.50	1032.08	2.383222e+05	3.275827e+01	6.378883e+00	313.63	64.100123	4196	5.484e-02
235kHz_150dA_100Mss_bobN1NE5X0184.txt	256.19	4.33	353.23	7.12	57041.50	1036.42	2.383222e+05	3.284882e+01	6.376466e+00	306.58	62.471908	4196	5.527e-02
235kHz_150dA_100Mss_bobN1NE5X0185.txt	256.69	4.68	352.78	7.06	57041.50	1047.38	2.383222e+05	3.313096e+01	6.374179e+00	301.65	60.932193	4196	5.560e-02
235kHz_150dA_100Mss_bobN1NE5X0186.txt	257.19	5.03	351.14	7.07	57041.50	1043.52	2.383222e+05	3.301696e+01	6.374556e+00	301.86	61.185603	4196	5.532e-02
235kHz_150dA_100Mss_bobN1NE5X0187.txt	257.7	5.39	348.92	7.05	57041.50	1039.00	2.383222e+05	3.286024e+01	6.372898e+00	294.99	60.068731	4196	5.494e-02
235kHz_150dA_100Mss_bobN1NE5X0188.txt	258.2	5.68	350.25	7.04	57041.50	1042.07	2.383222e+05	3.297281e+01	6.373857e+00	299.15	60.714504	4196	5.522e-02
235kHz_150dA_100Mss_bobN1NE5X0189.txt	258.72	5.89	349.39	6.98	57041.50	1046.05	2.383222e+05	3.309241e+01	6.371717e+00	293.17	59.274201	4196	5.569e-02
235kHz_150dA_100Mss_bobN1NE5X0190.txt	259.71	6.78	351.68	7.04	57041.50	1046.80	2.383222e+05	3.314184e+01	6.374811e+00	303.84	61.356936	4196	5.541e-02
235kHz_150dA_100Mss_bobN1NE5X0191.txt	260.22	7.10	347.78	6.97	57041.50	1051.02	2.383222e+05	3.320020e+01	6.371299e+00	292.74	58.992887	4196	5.537e-02
235kHz_150dA_100Mss_bobN1NE5X0192.txt	260.71	7.10	350.65	7.07	57041.50	1044.23	2.383222e+05	3.303385e+01	6.375203e+00	304.14	61.620648	4196	5.518e-02
235kHz_150dA_100Mss_bobN1NE5X0193.txt	261.23	7.33	351.21	7.02	57041.50	1054.43	2.383790e+05	3.331361e+01	6.373884e+00	302.41	60.733390	4195	5.563e-02
235kHz_150dA_100Mss_bobN1NE5X0194.txt	261.74	7.84	350.15	7.03	57041.50	1048.00	2.383222e+05	3.315104e+01	6.374308e+00	302.26	61.018606	4196	5.520e-02
235kHz_150dA_100Mss_bobN1NE5X0195.txt	262.31	8.35	351.20	7.00	57041.50	1054.53	2.383222e+05	3.336089e+01	6.374048e+00	303.31	60.843210	4196	5.574e-02
235kHz_150dA_100Mss_bobN1NE5X0196.txt	262.81	8.75	349.09	6.92	57041.50	1051.57	2.383222e+05	3.326339e+01	6.371050e+00	292.47	58.825494	4196	5.610e-02
235kHz_150dA_100Mss_bobN1NE5X0197.txt	263.33	9.00	349.11	6.89	57041.50	1062.26	2.383222e+05	3.354488e+01	6.370819e+00	294.17	58.670147	4196	5.625e-02
235kHz_150dA_100Mss_bobN1NE5X0198.txt	263.85	9.16	350.33	6.95	57041.50	1062.00	2.383222e+05	3.355347e+01	6.373047e+00	301.71	60.169844	4196	5.581e-02
235kHz_150dA_100Mss_bobN1NE5X0199.txt	264.34	9.27	349.97	6.99	57041.50	1053.49	2.383222e+05	3.330591e+01	6.373665e+00	301.54	60.585332	4196	5.537e-02
235kHz_150dA_100Mss_bobN1NE5X0200.txt	264.84	9.37	350.69	6.97	57041.50	1052.20	2.383222e+05	3.330620e+01	6.374058e+00	302.85	60.850323	4196	5.582e-02
235kHz_150dA_100Mss_bobN1NE5X0201.txt	265.36	9.58	349.22	6.94	57041.50	1053.95	2.383222e+05	3.334599e+01	6.373314e+00	300.73	60.349132	4196	5.573e-02
235kHz_150dA_100Mss_bobN1NE5X0202.txt	265.89	9.84	348.57	6.90	57041.50	1057.80	2.383222e+05	3.345409e+01	6.372418e+00	298.71	59.746175	4196	5.590e-02
235kHz_150dA_100Mss_bobN1NE5X0203.txt	266.39	9.90	347.89	6.87	57041.50	1059.92	2.383222e+05	3.349661e+01	6.371431e+00	295.79	59.081615	4196	5.598e-02
235kHz_150dA_100Mss_bobN1NE5X0204.txt	266.92	9.90	348.65	6.87	57041.50	1065.55	2.383222e+05	3.364919e+01	6.371274e+00	296.62	58.976173	4196	5.633e-02
235kHz_150dA_100Mss_bobN1NE5X0205.txt	267.43	10.03	346.90	6.87	57041.50	1059.63	2.383222e+05	3.349483e+01	6.371308e+00	295.37	58.999178	4196	5.607e-02
235kHz_150dA_100Mss_bobN1NE5X0206.txt	267.93	10.18	347.79	6.85	57041.50	1064.84	2.383222e+05	3.365365e+01	6.371411e+00	297.12	59.068577	4196	5.632e-02
235kHz_150dA_100Mss_bobN1NE5X0207.txt	268.44	10.68	347.87	6.87	57041.50	1063.05	2.383222e+05	3.360197e+01	6.371942e+00	298.44	59.425771	4196	5.586e-02
235kHz_150dA_100Mss_bobN1NE5X0208.txt	268.93	11.22	347.26	6.84	57041.50	1066.80	2.383222e+05	3.369921e+01	6.371073e+00	296.38	58.840981	4196	5.620e-02
235kHz_150dA_100Mss_bobN1NE5X0209.txt	269.92	11.67	347.62	6.78	57041.50	1074.26	2.383222e+05	3.391843e+01	6.369270e+00	292.20	57.627245	4196	5.695e-02
235kHz_150dA_100Mss_bobN1NE5X0210.txt	270.42	12.33	347.46	6.74	57041.50	1078.95	2.383222e+05	3.406864e+01	6.369118e+00	292.98	57.524993	4196	5.732e-02
235kHz_150dA_100Mss_bobN1NE5X0211.txt	270.92	13.08	345.73	6.72	57041.50	1071.20	2.383222e+05	3.383381e+01	6.367636e+00	285.96	56.528450	4196	5.704e-02
235kHz_150dA_100Mss_bobN1NE5X0212.txt	271.41	13.20	346.77	6.80	57041.50	1078.50	2.383222e+05	3.402257e+01	6.370276e+00	296.52	58.304181	4196	5.641e-02
235kHz_150dA_100Mss_bobN1NE5X0213.txt	271.9	13.20	347.15	6.72	57041.50	1078.98	2.383222e+05	3.407093e+01	6.368585e+00	291.19	57.166689	4196	5.733e-02
235kHz_150dA_100Mss_bobN1NE5X0214.txt	272.4	13.64	347.75	6.76	57041.50	1080.51	2.383222e+05	3.411796e+01	6.369585e+00	294.99	57.839400	4196	5.695e-02
235kHz_150dA_100Mss_bobN1NE5X0215.txt	272.9	14.19	346.83	6.69	57041.50	1092.84	2.383222e+05	3.442969e+01	6.367107e+00	289.17	56.172393	4196	5.751e-02
235kHz_150dA_100Mss_bobN1NE5X0216.txt	273.4	14.74	350.09	6.73	57041.50	1095.03	2.383222e+05	3.454872e+01	6.369123e+00	297.12	57.528622	4196	5.774e-02
235kHz_150dA_100Mss_bobN1NE5X0217.txt	273.9	15.29	350.95	6.76	57041.50	1089.98	2.383222e+05	3.440764e+01	6.370117e+00	299.33	58.198031	4196	5.758e-02
235kHz_150dA_100Mss_bobN1NE5X0218.txt	274.41	15.65	349.20	6.67	57041.50	1097.53	2.383222e+05	3.462651e+01	6.367512e+00	292.23	56.444970	4196	5.798e-02
235kHz_150dA_100Mss_bobN1NE5X0219.txt	274.9	15.94	351.68	6.71	57041.50	1099.99	2.383222e+05	3.471490e+01	6.369555e+00	300.05	57.819772	4196	5.808e-02
235kHz_150dA_100Mss_bobN1NE5X0220.txt	275.42	16.50	347.67	6.65	57041.50	1097.31	2.383222e+05	3.461013e+01	6.367248e+00	291.18	56.267450	4196	5.782e-02
235kHz_150dA_100Mss_bobN1NE5X0221.txt	275.91	17.09	347.16	6.61	57041.50	1101.23	2.383222e+05	3.471742e+01	6.365657e+00	286.56	55.198319	4196	5.835e-02
235kHz_150dA_100Mss_bobN1NE5X0222.txt	276.42	17.70	346.41	6.65	57041.50	1092.64	2.383222e+05	3.444442e+01	6.366333e+00	286.63	55.651978	4196	5.767e-02
235kHz_150dA_100Mss_bobN1NE5X0223.txt	276.91	18.29	347.04	6.65	57041.50	1088.37	2.383222e+05	3.438699e+01	6.367842e+00	291.34	56.667224	4196	5.776e-02
235kHz_150dA_100Mss_bobN1NE5X0224.txt	277.44	18.80	345.80	6.58	57041.50	1107.59	2.383222e+05	3.488123e+01	6.365481e+00	287.30	55.079155	4196	5.821e-02
235kHz_150dA_100Mss_bobN1NE5X0225.txt	277.95	19.25	345.12	6.63	57041.50	1094.69	2.383222e+05	3.452757e+01	6.367165e+00	290.20	56.211991	4196	5.773e-02
235kHz_150dA_100Mss_bobN1NE5X0226.txt	278.45	19.66	345.60	6.62	57041.50	1088.97	2.383222e+05	3.438935e+01	6.367644e+00	290.68	56.534231	4196	5.774e-02
235kHz_150dA_100Mss_bobN1NE5X0227.txt	278.95	20.06	344.82	6.61	57041.50	1096.15	2.383222e+05	3.456518e+01	6.367311e+00	291.02	56.310183	4196	5.776e-02
235kHz_150dA_100Mss_bobN1NE5X0228.txt	279.96	20.96	344.52	6.55	57041.50	1101.41	2.383222e+05	3.473509e+01	6.366162e+00	288.46	55.537196	4196	5.816e-02
235kHz_150dA_100Mss_bobN1NE5X0229.txt	280.47	21.38	341.01	6.45	57041.50	1106.68	2.383222e+05	3.486333e+01	6.362533e+00	276.89	53.097995	4196	5.867e-02
235kHz_150dA_100Mss_bobN1NE5X0230.txt	280.98	21.78	342.05	6.53	57041.50	1096.22	2.383222e+05	3.456729e+01	6.365359e+00	284.30	54.997898	4196	5.786e-02
235kHz_150dA_100Mss_bobN1NE5X0231.txt	281.49	22.14	341.97	6.53	57041.50	1105.30	2.383222e+05	3.480843e+01	6.365671e+00	287.36	55.207209	4196	5.787e-02
235kHz_150dA_100Mss_bobN1NE5X0232.txt	281.99	22.49	341.88	6.53	57041.50	1100.19	2.383222e+05	3.466245e+01	6.365413e+00	285.26	55.033850	4196	5.795e-02
235kHz_150dA_100Mss_bobN1NE5X0233.txt	282.58	22.67	341.41	6.58	57041.50	1099.92	2.383222e+05	3.461869e+01	6.366525e+00	288.75	55.781412	4196	5.710e-02
235kHz_150dA_100Mss_bobN1NE5X0234.txt	283.1	22.87	339.08	6.47	57041.50	1101.79	2.383222e+05	3.470893e+01	6.363817e+00	280.11	53.960696	4196	5.776e-02
235kHz_150dA_100Mss_bobN1NE5X0235.txt	283.62	23.23	339.14	6.47	57041.50	1108.29	2.383222e+05	3.487093e+01	6.363776e+00	281.28	53.933243	4196	5.796e-02
235kHz_150dA_100Mss_bobN1NE5X0236.txt	284.11	23.65	337.59	6.38	57041.50	1114.50	2.383222e+05	3.503939e+01	6.361391e+00	274.29	52.330457	4196	5.821e-02
235kHz_150dA_100Mss_bobN1NE5X0237.txt	284.61	24.35	340.08	6.44	57041.50	1109.70	2.383222e+05	3.493723e+01	6.364187e+00	283.25	54.209159	4196	5.835e-02
235kHz_150dA_100Mss_bobN1NE5X0238.txt	285.12	24.90	336.96	6.44	57041.50	1101.73	2.383222e+05	3.467931e+01	6.363440e+00	278.57	53.707719	4196	5.751e-02
235kHz_150dA_100Mss_bobN1NE5X0239.txt	285.63	24.90	338.01	6.41	57041.50	1105.38	2.383222e+05	3.481033e+01	6.362989e+00	278.06	53.404574	4196	5.776e-02
235kHz_150dA_100Mss_bobN1NE5X0240.txt	286.13	25.07	339.10	6.46	57041.50	1100.82	2.383222e+05	3.471185e+01	6.365127e+00	284.68	54.841415	4196	5.814e-02
235kHz_150dA_100Mss_bobN1NE5X0241.txt	286.63	25.72	335.92	6.37	57041.50	1105.30	2.383222e+05	3.480288e+01	6.362118e+00	274.97	52.819179	4196	5.807e-02
235kHz_150dA_100Mss_bobN1NE5X0242.txt	287.14	26.24	336.51	6.42	57041.50	1103.86	2.383222e+05	3.474594e+01	6.363578e+00	279.58	53.799888	4196	5.766e-02
235kHz_150dA_100Mss_bobN1NE5X0243.txt	287.64	26.39	335.76	6.41	57041.50	1112.64	2.383222e+05	3.498318e+01	6.362998e+00	279.47	53.410321	4196	5.769e-02
235kHz_150dA_100Mss_bobN1NE5X0244.txt	288.15	26.60	332.82	6.34	57041.50	1108.19	2.383222e+05	3.482130e+01	6.360203e+00	268.45	51.532739	4196	5.772e-02
235kHz_150dA_100Mss_bobN1NE5X0245.txt	288.65	26.95	333.74	6.33	57041.50	1106.77	2.383222e+05	3.483925e+01	6.361034e+00	271.48	52.090806	4196	5.764e-02
235kHz_150dA_100Mss_bobN1NE5X0246.txt	289.16	27.28	335.06	6.34	57041.50	1115.96	2.383222e+05	3.508632e+01	6.362009e+00	276.82	52.745858	4196	5.814e-02
235kHz_150dA_100Mss_bobN1NE5X0247.txt	290.18	27.81	333.86	6.32	57041.50	1122.45	2.383222e+05	3.524820e+01	6.361735e+00	277.14	52.562163	4196	5.797e-02
235kHz_150dA_100Mss_bobN1NE5X0248.txt	290.67	28.10	332.22	6.30	57041.50	1116.92	2.383222e+05	3.508146e+01	6.360543e+00	271.65	51.761080	4196	5.802e-02
235kHz_150dA_100Mss_bobN1NE5X0249.txt	291.17	28.39	332.89	6.33	57041.50	1110.81	2.383222e+05	3.493992e+01	6.362248e+00	276.50	52.906400	4196	5.757e-02
235kHz_150dA_100Mss_bobN1NE5X0250.txt	291.68	28.64	331.99	6.31	57041.50	1109.03	2.383222e+05	3.487692e+01	6.361645e+00	273.90	52.501218	4196	5.748e-02
235kHz_150dA_100Mss_bobN1NE5X0251.txt	292.18	28.89	328.97	6.20	57041.50	1111.39	2.383222e+05	3.493556e+01	6.357773e+00	260.85	49.900675	4196	5.831e-02
235kHz_150dA_100Mss_bobN1NE5X0252.txt	292.68	29.14	329.94	6.28	57041.50	1114.51	2.383222e+05	3.500742e+01	6.359956e+00	269.02	51.366782	4196	5.776e-02
235kHz_150dA_100Mss_bobN1NE5X0253.txt	293.18	29.44	329.61	6.28	57041.50	1105.62	2.383222e+05	3.475477e+01	6.360475e+00	268.88	51.715450	4196	5.734e-02
235kHz_150dA_100Mss_bobN1NE5X0254.txt	293.71	29.87	328.68	6.25	57041.50	1113.99	2.383222e+05	3.499257e+01	6.359942e+00	268.86	51.357263	4196	5.751e-02
235kHz_150dA_100Mss_bobN1NE5X0255.txt	294.2	30.22	328.95	6.21	57041.50	1119.14	2.383222e+05	3.513503e+01	6.359104e+00	267.01	50.793907	4196	5.816e-02
235kHz_150dA_100Mss_bobN1NE5X0256.txt	294.71	30.53	330.36	6.27	57041.50	1109.77	2.383222e+05	3.489304e+01	6.361407e+00	273.20	52.341454	4196	5.749e-02
235kHz_150dA_100Mss_bobN1NE5X0257.txt	295.23	30.70	327.23	6.21	57041.50	1119.16	2.383222e+05	3.511465e+01	6.358459e+00	264.59	50.361065	4196	5.774e-02
235kHz_150dA_100Mss_bobN1NE5X0258.txt	295.75	30.70	328.30	6.22	57041.50	1116.00	2.383222e+05	3.503502e+01	6.359541e+00	267.78	51.087714	4196	5.770e-02
235kHz_150dA_100Mss_bobN1NE5X0259.txt	296.28	30.84	328.11	6.18	57041.50	1114.22	2.383222e+05	3.502753e+01	6.359201e+00	266.54	50.859775	4196	5.820e-02
235kHz_150dA_100Mss_bobN1NE5X0260.txt	296.78	31.09	326.49	6.20	57041.50	1116.19	2.383222e+05	3.504193e+01	6.359204e+00	266.65	50.861171	4196	5.760e-02
235kHz_150dA_100Mss_bobN1NE5X0261.txt	297.31	31.36	326.91	6.21	57041.50	1111.78	2.383222e+05	3.494639e+01	6.360084e+00	269.00	51.452773	4196	5.754e-02
235kHz_150dA_100Mss_bobN1NE5X0262.txt	297.81	31.60	326.63	6.20	57041.50	1110.99	2.383222e+05	3.494375e+01	6.360324e+00	269.82	51.613964	4196	5.753e-02
